0.064046
0.018185
0.035022
0.037328
0.034396
0.036503
0.034078
0.035967
0.037416
0.033910
0.035497
0.035374
0.035840
0.036038
0.035099
0.035768
0.035471
0.035603
0.036232
0.035040
0.035529
0.058475
0.016014
0.032991
0.035058
0.035804
0.035650
0.035313
0.036473
0.035023
0.035644
0.035809
0.035744
0.035793
0.035076
0.035844
0.036014
0.035162
0.036297
0.035024
0.035606
0.035700
0.035794
0.036178
0.034816
0.035682
0.035497
0.035671
0.036134
0.035294
0.036361
0.034873
0.035735
0.059618
0.012305
0.035067
0.035484
0.035578
0.035981
0.035313
0.035933
0.035513
0.035690
0.035747
0.035538
0.035095
0.035765
0.036008
0.035787
0.035163
0.035790
0.035626
0.035712
0.036022
0.057128
0.046667
0.034680
0.041099
0.037602
0.036449
0.033342
0.044031
0.036877
0.028444
0.049940
0.049169
0.033517
0.040524
0.037554
0.036544
0.036846
0.036885
0.037626
0.038356
0.038591
0.028527
0.031736
0.031765
0.032863
0.034770
0.014304
0.025101
0.032019
0.029726
0.013200
0.033937
0.035670
0.035593
0.036306
0.034689
0.035838
0.035913
0.035425
0.035926
0.035184
0.035656
0.035752
0.035493
0.036456
0.053606
0.049748
0.036542
0.037162
0.037139
0.036359
0.036793
0.036909
0.036923
0.033426
0.042125
0.031299
0.031809
0.032544
0.031892
0.034017
0.008069
0.034702
0.035460
0.036252
0.035086
0.035785
0.035768
0.035223
0.036066
0.035051
0.035767
0.035823
0.035893
0.036011
0.034807
0.035883
0.035751
0.035894
0.035473
0.035039
0.035628
0.035775
0.035630
0.035992
0.035506
0.036155
0.034925
0.035747
0.036761
0.034389
0.035406
0.035778
0.035999
0.036274
0.034815
0.035998
0.035258
0.035620
0.036030
0.035252
0.035774
0.035694
0.035255
0.036129
0.035052
0.054524
0.045190
0.037471
0.009506
0.031860
0.035483
0.035675
0.035949
0.036745
0.034244
0.035779
0.035584
0.035967
0.037272
0.033834
0.035463
0.035599
0.035802
0.036505
0.034328
0.035703
0.035684
0.035861
0.054018
0.045178
0.037352
0.009022
0.032864
0.035970
0.035314
0.036055
0.036293
0.034453
0.036158
0.039437
0.041588
0.032299
0.054136
0.044414
0.036671
0.036582
0.036879
0.036919
0.037473
0.036945
0.037565
0.037870
0.047244
0.032565
0.013470
0.032837
0.015425
0.031169
0.049846
0.044590
0.037175
0.009160
0.032383
0.036851
0.034453
0.035460
0.035758
0.036026
0.036226
0.034442
0.035499
0.035973
0.035620
0.038571
0.032685
0.035688
0.035456
0.035740
0.035864
0.035414
0.035891
0.035109
0.052189
0.033615
0.033225
0.039885
0.032904
0.082436
0.010554
0.030529
0.008181
0.032946
0.035423
0.036423
0.035237
0.035341
0.035943
0.035610
0.035763
0.035087
0.035852
0.035799
0.035482
0.036121
0.035073
0.035723
0.035633
0.036000
0.035891
0.034762
0.042391
0.030903
0.033845
0.036805
0.034537
0.035634
0.035748
0.035691
0.035961
0.035683
0.034912
0.035828
0.035590
0.036223
0.035584
0.035362
0.036181
0.034914
0.036050
0.035125
0.035604
0.035693
0.035659
0.036233
0.035826
0.034909
0.035569
0.035577
0.036163
0.036112
0.034703
0.035609
0.055488
0.048893
0.033955
0.040582
0.036770
0.030075
0.034033
0.032517
0.015187
0.033605
0.049462
0.055210
0.027207
0.010000
0.031562
0.046542
0.032844
0.031737
0.031699
0.035539
0.035870
0.036167
0.034773
0.035707
0.035691
0.035594
0.051816
0.047672
0.037046
0.008726
0.049827
0.053151
0.029650
0.014911
0.031807
0.032609
0.035299
0.035415
0.040966
0.064735
0.031735
0.037392
0.036615
0.036668
0.036788
0.037021
0.036989
0.036590
0.037163
0.037341
0.037570
0.038860
0.035160
0.029810
0.032227
0.027813
0.035626
0.012234
0.032859
0.031459
0.035541
0.036276
0.035139
0.035629
0.035696
0.035890
0.037032
0.033868
0.035896
0.035330
0.035869
0.036524
0.034663
0.035602
0.035728
0.035849
0.035855
0.035107
0.035745
0.035681
0.035357
0.036286
0.035194
0.035655
0.035600
0.035812
0.035946
0.035654
0.034877
0.052988
0.046379
0.029679
0.014764
0.051632
0.047997
0.043002
0.037206
0.036066
0.036929
0.037382
0.037173
0.038485
0.037578
0.051011
0.035385
0.020778
0.019505
0.033161
0.020258
0.023071
0.033859
0.036073
0.035824
0.034916
0.035824
0.035812
0.035735
0.035274
0.035418
0.035881
0.035778
0.035894
0.035070
0.035748
0.035449
0.036055
0.035956
0.035025
0.035550
0.035947
0.035810
0.035895
0.035313
0.035868
0.035345
0.035636
0.035832
0.035477
0.036003
0.034977
0.035751
0.036045
0.034860
0.035899
0.035744
0.035825
0.036617
0.034275
0.035810
0.035496
0.035539
0.036233
0.035085
0.035811
0.035569
0.039651
0.032191
0.035045
0.035407
0.035906
0.035914
0.035617
0.035293
0.053888
0.046055
0.018752
0.032856
0.056076
0.036827
0.036710
0.036930
0.032692
0.035660
0.012562
0.031615
0.033098
0.036099
0.057146
0.028998
0.050824
0.036932
0.034342
0.040889
0.036878
0.036952
0.032398
0.032642
0.041366
0.036474
0.036876
0.037319
0.038566
0.049349
0.009931
0.032714
0.017830
0.033872
0.032193
0.032979
0.049989
0.049683
0.033194
0.038802
0.037089
0.036825
0.036739
0.037179
0.036539
0.037038
0.037092
0.031804
0.157429
0.012886
0.006309
0.007269
0.009974
0.008486
0.071738
0.007410
0.032604
0.036812
0.037109
0.036416
0.037052
0.028481
0.038116
0.036958
0.036364
0.036827
0.036733
0.036811
0.037271
0.036515
0.037097
0.037742
0.038027
0.052325
0.008421
0.029984
0.035691
0.008617
0.033761
0.034737
0.035654
0.035641
0.051597
0.048145
0.019172
0.032357
0.033681
0.040912
0.033159
0.053927
0.035082
0.009246
0.035003
0.035995
0.035244
0.036273
0.034892
0.035570
0.036042
0.035442
0.050058
0.033040
0.032400
0.032138
0.031552
0.034141
0.035916
0.036110
0.035558
0.035522
0.035203
0.035803
0.035833
0.035942
0.035423
0.035140
0.035703
0.035853
0.035661
0.035007
0.035948
0.051804
0.049769
0.017209
0.032377
0.037597
0.031939
0.051554
0.041669
0.036671
0.010089
0.031527
0.035725
0.035900
0.035318
0.035540
0.035472
0.035767
0.036122
0.035092
0.035802
0.035864
0.035658
0.035910
0.035253
0.035611
0.035834
0.035854
0.051508
0.048524
0.036092
0.010234
0.048450
0.047501
0.034031
0.009686
0.040739
0.039551
0.036449
0.032348
0.031637
0.031682
0.035973
0.036059
0.035145
0.035151
0.035932
0.035537
0.036037
0.035525
0.035191
0.035760
0.035767
0.036022
0.034916
0.035726
0.035732
0.055602
0.044408
0.036529
0.008755
0.050999
0.049884
0.037505
0.036301
0.037000
0.036529
0.031346
0.033211
0.035054
0.026115
0.016043
0.035035
0.036056
0.035229
0.035631
0.035530
0.035906
0.035800
0.034840
0.036076
0.035859
0.035798
0.036372
0.034432
0.053475
0.036716
0.068665
0.157615
0.006331
0.021177
0.012485
0.008819
0.070497
0.019465
0.011840
0.007369
0.024564
0.009252
0.032726
0.031666
0.033580
0.036218
0.035331
0.034995
0.035574
0.036013
0.035350
0.036177
0.035044
0.035749
0.035692
0.035726
0.036208
0.035441
0.052976
0.045986
0.036954
0.009831
0.031679
0.036060
0.035253
0.035727
0.036011
0.035215
0.035633
0.035631
0.035608
0.036101
0.035468
0.035882
0.051196
0.050000
0.034901
0.009739
0.031789
0.035826
0.035945
0.036765
0.034067
0.035833
0.035575
0.054049
0.053099
0.028329
0.016418
0.030488
0.049898
0.050758
0.031020
0.028772
0.014518
0.034716
0.035846
0.035234
0.035857
0.035316
0.035932
0.036182
0.034924
0.035598
0.035781
0.035722
0.035841
0.035399
0.035997
0.046349
0.032249
0.031859
0.031989
0.035666
0.037088
0.034230
0.035833
0.035069
0.035982
0.035828
0.035180
0.074042
0.026727
0.010873
0.049933
0.044769
0.037851
0.006435
0.034863
0.035821
0.035130
0.036078
0.035251
0.035744
0.035588
0.036118
0.036340
0.034610
0.035212
0.035846
0.035703
0.036292
0.034901
0.035541
0.035615
0.036071
0.036512
0.034208
0.035771
0.035605
0.035866
0.037187
0.033876
0.035530
0.035556
0.035623
0.036174
0.035263
0.035776
0.035366
0.035675
0.036080
0.035094
0.035761
0.035904
0.035668
0.036978
0.033907
0.035682
0.035604
0.035530
0.036339
0.035203
0.035568
0.053751
0.046342
0.017825
0.031974
0.031470
0.032676
0.063387
0.018484
0.031794
0.031698
0.033051
0.050402
0.049649
0.014042
0.031548
0.048621
0.049327
0.036339
0.007151
0.033780
0.035705
0.036088
0.035411
0.035043
0.035820
0.035693
0.035760
0.053376
0.050402
0.036906
0.036699
0.037104
0.036941
0.036498
0.036916
0.036813
0.037565
0.038602
0.038177
0.031918
0.039983
0.049246
0.019837
0.035660
0.028093
0.032079
0.042936
0.038478
0.051729
0.008486
0.030447
0.033481
0.009689
0.033659
0.035688
0.035527
0.035596
0.036335
0.035007
0.035751
0.052268
0.029562
0.032504
0.057748
0.027036
0.015310
0.035026
0.053135
0.045646
0.036670
0.013999
0.031483
0.033554
0.035470
0.034993
0.053541
0.050440
0.037116
0.036642
0.036746
0.036785
0.036949
0.037159
0.036650
0.037463
0.037593
0.037996
0.057390
0.031745
0.034016
0.035748
0.034695
0.033730
0.007050
0.033453
0.022899
0.019222
0.035141
0.035378
0.035323
0.035908
0.035765
0.035849
0.035619
0.035300
0.035649
0.035616
0.036161
0.035405
0.035649
0.035275
0.035626
0.035976
0.051962
0.047024
0.037311
0.007557
0.035631
0.034386
0.035735
0.051488
0.055613
0.028331
0.018815
0.032880
0.030879
0.049637
0.050028
0.032339
0.017520
0.039766
0.097266
0.010028
0.007821
0.109394
0.007680
0.007080
0.028176
0.036436
0.036870
0.036859
0.036862
0.037335
0.036285
0.029808
0.030990
0.027475
0.042957
0.026215
0.050443
0.020486
0.023275
0.032124
0.047902
0.051330
0.036732
0.036851
0.037152
0.036589
0.036886
0.032396
0.032556
0.035052
0.013292
0.033717
0.031469
0.033582
0.036065
0.035603
0.035204
0.035651
0.035707
0.035951
0.034996
0.035804
0.035569
0.065469
0.009249
0.032811
0.049490
0.033054
0.033141
0.032151
0.031626
0.034025
0.035609
0.035585
0.036749
0.034585
0.035627
0.035981
0.035495
0.036204
0.035090
0.035342
0.035675
0.035730
0.036235
0.034872
0.035809
0.035617
0.035647
0.054228
0.045003
0.031184
0.013494
0.050693
0.051342
0.036707
0.036741
0.036803
0.037112
0.037178
0.032336
0.032804
0.033207
0.029256
0.013190
0.034453
0.035834
0.035438
0.035688
0.036101
0.034928
0.035810
0.035715
0.035849
0.035663
0.035465
0.053745
0.017728
0.035582
0.036158
0.035069
0.035527
0.036145
0.035625
0.036160
0.034728
0.035814
0.035536
0.035905
0.036355
0.034835
0.035240
0.035719
0.035848
0.051741
0.048597
0.036356
0.008439
0.032663
0.036076
0.035391
0.035351
0.035769
0.035578
0.036233
0.035321
0.035368
0.035752
0.035527
0.036143
0.035263
0.035730
0.035662
0.035331
0.036354
0.034934
0.035615
0.035906
0.036009
0.035671
0.034990
0.035761
0.035553
0.035912
0.036384
0.037489
0.033093
0.035744
0.035672
0.052253
0.118453
0.006763
0.007243
0.013835
0.043936
0.023317
0.047132
0.035900
0.009702
0.033423
0.035211
0.035845
0.035432
0.035762
0.035924
0.035404
0.035488
0.035878
0.035950
0.035614
0.035072
0.035962
0.035689
0.035728
0.036119
0.035265
0.035858
0.035413
0.035565
0.036112
0.049788
0.048992
0.034999
0.008965
0.035490
0.051362
0.047769
0.036849
0.008840
0.033165
0.035138
0.035665
0.035762
0.036037
0.035555
0.052506
0.050226
0.036933
0.036881
0.037163
0.034130
0.031007
0.030132
0.013210
0.034405
0.035583
0.035240
0.051693
0.047484
0.038437
0.010077
0.031614
0.055991
0.023520
0.030242
0.031384
0.035642
0.035538
0.035711
0.036141
0.036013
0.034484
0.035894
0.036015
0.035636
0.034995
0.036003
0.035544
0.051594
0.055632
0.029881
0.024965
0.017639
0.034534
0.035995
0.035193
0.036021
0.061894
0.037360
0.037561
0.006935
0.033883
0.035640
0.035714
0.036145
0.034654
0.035930
0.035541
0.035820
0.036011
0.035173
0.035775
0.035395
0.053662
0.048950
0.032668
0.016499
0.031221
0.048988
0.054063
0.027872
0.018302
0.031351
0.053168
0.045465
0.036603
0.036776
0.036675
0.032185
0.032974
0.034145
0.025430
0.016311
0.035141
0.036188
0.035308
0.035603
0.036032
0.035955
0.035664
0.035006
0.035554
0.035955
0.037176
0.034521
0.034930
0.035539
0.035922
0.036139
0.035230
0.035166
0.035711
0.035510
0.035688
0.036953
0.034510
0.037509
0.033728
0.035668
0.036148
0.035176
0.036415
0.034762
0.035594
0.036099
0.035414
0.035936
0.055510
0.045097
0.036343
0.009587
0.031210
0.035748
0.035516
0.035986
0.035507
0.035402
0.039861
0.031587
0.036035
0.035039
0.035670
0.035717
0.035950
0.035923
0.034460
0.035963
0.035730
0.035930
0.035932
0.035124
0.035545
0.035705
0.035729
0.036339
0.035164
0.035225
0.035662
0.035847
0.036173
0.035403
0.035828
0.036057
0.034928
0.036082
0.035183
0.035613
0.036022
0.035239
0.036286
0.034603
0.035763
0.035993
0.035251
0.052524
0.046785
0.018725
0.031146
0.030436
0.034606
0.035282
0.035632
0.035880
0.035973
0.036156
0.034749
0.035561
0.035753
0.035638
0.036051
0.035520
0.035221
0.035589
0.035614
0.036342
0.035015
0.035764
0.036639
0.049368
0.022828
0.033826
0.042568
0.031578
0.050430
0.050242
0.036504
0.034702
0.033178
0.016577
0.032814
0.031575
0.032154
0.035748
0.035225
0.052465
0.046676
0.037256
0.036934
0.037082
0.037046
0.036348
0.031372
0.035204
0.035482
0.009073
0.033515
0.034702
0.035639
0.035602
0.036067
0.035137
0.035662
0.035621
0.053930
0.048824
0.015214
0.032283
0.053586
0.044486
0.037893
0.036537
0.036621
0.036986
0.036972
0.037937
0.030837
0.032169
0.041749
0.037464
0.033112
0.098573
0.006691
0.009007
0.023616
0.037047
0.036556
0.036812
0.035387
0.031977
0.032795
0.040475
0.036924
0.036599
0.037509
0.038147
0.027445
0.044541
0.031317
0.031767
0.033078
0.031546
0.024045
0.020012
0.032885
0.036145
0.034935
0.035678
0.036045
0.035418
0.036214
0.049469
0.049533
0.033890
0.010181
0.054550
0.048879
0.036743
0.036742
0.029804
0.035391
0.037115
0.037140
0.036443
0.036935
0.037716
0.036682
0.036395
0.037037
0.036966
0.037724
0.035689
0.037614
0.050425
0.009779
0.031875
0.015726
0.032291
0.031466
0.033225
0.036174
0.034801
0.035625
0.035622
0.035888
0.036404
0.034625
0.035554
0.035752
0.035923
0.035807
0.035357
0.039014
0.032182
0.035397
0.036218
0.035434
0.035792
0.035235
0.035644
0.036156
0.035146
0.035894
0.053846
0.048969
0.037707
0.036120
0.036615
0.036808
0.041925
0.034969
0.037064
0.032891
0.090904
0.010577
0.026366
0.006542
0.033114
0.012473
0.031816
0.033132
0.034973
0.035897
0.035785
0.051523
0.049459
0.035193
0.020623
0.021493
0.035249
0.036134
0.034972
0.035816
0.035789
0.035526
0.036144
0.035402
0.036207
0.035004
0.035691
0.035882
0.035279
0.051822
0.046955
0.018321
0.032461
0.034339
0.050578
0.047877
0.033739
0.040804
0.028618
0.038713
0.036920
0.036915
0.037712
0.036341
0.037255
0.036659
0.048181
0.015684
0.032544
0.017031
0.032130
0.031533
0.032469
0.035079
0.053483
0.050452
0.036718
0.037189
0.036233
0.036721
0.036634
0.036694
0.037631
0.036853
0.038142
0.037600
0.029798
0.044158
0.045169
0.022012
0.032297
0.039399
0.029644
0.039891
0.037723
0.029120
0.043661
0.045805
0.038263
0.010107
0.036840
0.036877
0.037394
0.036337
0.036937
0.037107
0.035221
0.038204
0.037390
0.043300
0.017713
0.029800
0.035879
0.008746
0.033092
0.035394
0.035455
0.035758
0.034861
0.036031
0.035601
0.035624
0.036150
0.035266
0.035534
0.052002
0.047230
0.020267
0.032826
0.031490
0.031784
0.033854
0.035995
0.035392
0.035813
0.035692
0.035566
0.035743
0.035280
0.035845
0.036335
0.034905
0.038869
0.049226
0.021876
0.032291
0.035861
0.035982
0.035082
0.035573
0.035781
0.035605
0.036028
0.035128
0.035862
0.036078
0.035311
0.035982
0.042727
0.031198
0.050065
0.046002
0.035031
0.009997
0.034231
0.035994
0.035511
0.045828
0.052865
0.018444
0.040994
0.020161
0.035414
0.035234
0.035407
0.036065
0.035410
0.036163
0.035180
0.035556
0.035613
0.035699
0.036186
0.035245
0.035543
0.036004
0.036307
0.035209
0.035179
0.035604
0.035717
0.036039
0.035585
0.034988
0.035913
0.035770
0.036726
0.034813
0.035305
0.035372
0.035896
0.036337
0.035350
0.042711
0.031687
0.032344
0.035809
0.035405
0.035282
0.035619
0.035684
0.064649
0.027462
0.015687
0.034912
0.036013
0.035422
0.036092
0.035534
0.035081
0.051766
0.047438
0.035978
0.009327
0.033732
0.035660
0.035892
0.036049
0.035316
0.035525
0.036059
0.035167
0.035962
0.035179
0.035894
0.035912
0.035358
0.052950
0.018052
0.035377
0.035637
0.035575
0.036017
0.035318
0.035891
0.035433
0.035760
0.035938
0.035444
0.052864
0.074670
0.008870
0.121619
0.014156
0.014134
0.022186
0.010708
0.006764
0.051543
0.047541
0.036739
0.036943
0.037221
0.036360
0.036838
0.037188
0.037622
0.037925
0.037492
0.029153
0.027219
0.040981
0.037320
0.036296
0.036902
0.037566
0.032468
0.133207
0.006578
0.020462
0.011647
0.005942
0.009548
0.032575
0.033877
0.036289
0.031494
0.056432
0.044611
0.036680
0.036829
0.036797
0.027981
0.037957
0.036843
0.036646
0.036891
0.037207
0.038264
0.036994
0.037526
0.030876
0.067955
0.024699
0.006885
0.005777
0.034461
0.036216
0.035366
0.035252
0.035818
0.035535
0.036237
0.035591
0.035055
0.035650
0.035986
0.035911
0.035656
0.034939
0.051729
0.047510
0.018555
0.032063
0.035891
0.031447
0.032453
0.036093
0.035181
0.035267
0.036118
0.035170
0.053744
0.045705
0.032805
0.012011
0.034488
0.035819
0.035714
0.035048
0.035494
0.035483
0.036579
0.035700
0.035128
0.036180
0.035304
0.035723
0.035046
0.036080
0.052706
0.045978
0.030657
0.014027
0.034542
0.035597
0.035554
0.036267
0.035150
0.035637
0.035850
0.062743
0.021114
0.032720
0.035292
0.049836
0.040403
0.036826
0.009928
0.049911
0.045322
0.034091
0.011254
0.033852
0.035374
0.035895
0.035775
0.035974
0.035376
0.049769
0.052415
0.036585
0.037369
0.036403
0.036550
0.036660
0.036954
0.037161
0.036150
0.037766
0.043026
0.026014
0.035459
0.032384
0.029461
0.035076
0.009539
0.032439
0.035040
0.035556
0.035860
0.035569
0.036234
0.034942
0.035850
0.035531
0.035867
0.036200
0.034727
0.035678
0.035729
0.035659
0.036206
0.034969
0.036160
0.035908
0.035343
0.036096
0.035079
0.035899
0.036006
0.034928
0.036048
0.035370
0.035925
0.035716
0.035363
0.035965
0.035196
0.035850
0.035771
0.035339
0.036173
0.035089
0.035941
0.037087
0.033746
0.036252
0.035061
0.064907
0.036746
0.036999
0.036954
0.036593
0.036772
0.029475
0.036726
0.033352
0.009767
0.034520
0.034970
0.035610
0.036086
0.035217
0.039800
0.031475
0.035557
0.035785
0.035227
0.035772
0.035647
0.035616
0.036230
0.036039
0.034793
0.035504
0.035817
0.036066
0.035048
0.035800
0.035571
0.053844
0.047827
0.034990
0.009535
0.032404
0.036007
0.050991
0.048228
0.032997
0.010521
0.034607
0.036251
0.034812
0.035568
0.036010
0.035608
0.036186
0.034931
0.035829
0.035607
0.035555
0.036251
0.034961
0.035674
0.035865
0.035564
0.036020
0.034952
0.035840
0.035804
0.035840
0.036241
0.035239
0.051308
0.052499
0.014664
0.033476
0.053716
0.017733
0.031830
0.050714
0.047901
0.036450
0.036927
0.036704
0.037014
0.037318
0.036821
0.036973
0.037785
0.037875
0.047480
0.009501
0.033318
0.016203
0.031925
0.032106
0.032521
0.035654
0.035698
0.035830
0.038439
0.032644
0.035593
0.035738
0.035852
0.036361
0.034561
0.035523
0.035717
0.035857
0.036811
0.034438
0.038736
0.032425
0.035689
0.035915
0.035355
0.035286
0.035680
0.035641
0.036920
0.034525
0.036328
0.034896
0.035659
0.036073
0.035242
0.035874
0.052890
0.046192
0.036272
0.008798
0.040374
0.031573
0.049710
0.050720
0.021292
0.028088
0.031520
0.032243
0.035007
0.034234
0.035751
0.035512
0.035974
0.036632
0.034265
0.035541
0.038456
0.048698
0.020620
0.034599
0.056413
0.016009
0.034831
0.036030
0.035068
0.036028
0.035249
0.054843
0.049502
0.033296
0.038646
0.036973
0.036712
0.037233
0.027628
0.034680
0.012476
0.049656
0.044798
0.033170
0.011246
0.034361
0.036197
0.035308
0.035035
0.035753
0.035628
0.051411
0.051176
0.033258
0.035357
0.007769
0.035735
0.052868
0.045406
0.037336
0.007286
0.050003
0.048382
0.018778
0.032383
0.036566
0.031841
0.032142
0.033665
0.035660
0.035801
0.035924
0.035830
0.035025
0.035686
0.052401
0.047685
0.017103
0.031808
0.035157
0.031564
0.033658
0.036322
0.035059
0.035285
0.035488
0.036066
0.036197
0.034783
0.035913
0.035507
0.035607
0.036060
0.035509
0.035484
0.035764
0.035621
0.036118
0.057201
0.013878
0.035063
0.035863
0.035952
0.035150
0.035566
0.036129
0.035820
0.035765
0.035458
0.035797
0.035315
0.035493
0.036300
0.035124
0.036588
0.056242
0.042140
0.038054
0.008374
0.032624
0.035376
0.035767
0.036505
0.034565
0.035510
0.035843
0.035908
0.036312
0.034353
0.035758
0.035600
0.035687
0.036574
0.034499
0.035828
0.035533
0.035934
0.036272
0.034791
0.035631
0.035564
0.035766
0.038605
0.032941
0.051967
0.046294
0.019416
0.032654
0.034075
0.033662
0.047811
0.048057
0.043937
0.036099
0.037058
0.036644
0.037555
0.037553
0.030824
0.032432
0.029363
0.037565
0.034647
0.015199
0.032030
0.052867
0.045815
0.037253
0.036420
0.036658
0.036831
0.037806
0.037766
0.031512
0.132948
0.006672
0.025407
0.006910
0.005941
0.008265
0.032011
0.031486
0.033134
0.035078
0.035802
0.035744
0.035510
0.035975
0.035018
0.035602
0.036010
0.035961
0.035516
0.035101
0.035883
0.035576
0.036155
0.035685
0.034889
0.035963
0.052201
0.046846
0.038160
0.007824
0.033205
0.048487
0.033332
0.032523
0.031522
0.050398
0.045461
0.030197
0.046688
0.036681
0.036926
0.036666
0.043633
0.028997
0.043120
0.031819
0.031888
0.045197
0.047022
0.033543
0.014057
0.030088
0.035747
0.009287
