0.000032
0.015838
0.049786
0.052750
0.030021
0.013434
0.031415
0.036176
0.051142
0.057783
0.027767
0.008899
0.032522
0.035754
0.035574
0.035678
0.035706
0.035806
0.035920
0.035651
0.035549
0.035647
0.035872
0.035785
0.035435
0.035797
0.035535
0.035864
0.035776
0.035698
0.051265
0.052408
0.029947
0.013373
0.045701
0.032699
0.031832
0.049716
0.053332
0.036841
0.029130
0.040105
0.036605
0.036773
0.037033
0.037129
0.032682
0.041243
0.028875
0.037759
0.044314
0.045266
0.029752
0.015074
0.031111
0.028167
0.016815
0.034954
0.035572
0.035551
0.036326
0.035205
0.035689
0.035713
0.036478
0.034728
0.035827
0.035738
0.035620
0.035820
0.035619
0.035740
0.035736
0.035632
0.035817
0.035765
0.035602
0.036074
0.035778
0.035484
0.035891
0.035704
0.036720
0.034576
0.035591
0.035580
0.051028
0.033259
0.032571
0.031302
0.048970
0.046609
0.036109
0.009362
0.032144
0.035969
0.035318
0.035802
0.035640
0.035649
0.035968
0.035518
0.035626
0.035576
0.035954
0.035995
0.035284
0.035810
0.035554
0.035932
0.035642
0.035677
0.036270
0.086810
0.018455
0.017143
0.046010
0.048164
0.009448
0.043988
0.016824
0.049452
0.048569
0.027412
0.016612
0.034725
0.035968
0.035304
0.035730
0.035931
0.035604
0.035718
0.035564
0.036116
0.035630
0.035638
0.036035
0.035823
0.035416
0.038658
0.040534
0.032699
0.046815
0.044142
0.021148
0.031659
0.031536
0.034341
0.035510
0.036002
0.035763
0.035185
0.038393
0.033259
0.035742
0.051207
0.048114
0.036382
0.009663
0.032596
0.036168
0.035336
0.035670
0.035911
0.035531
0.036070
0.035448
0.035706
0.035719
0.035740
0.035679
0.035650
0.036028
0.035298
0.035776
0.035910
0.035457
0.035891
0.035649
0.035757
0.035502
0.035808
0.035570
0.035759
0.035991
0.035474
0.035597
0.035676
0.035837
0.035580
0.035747
0.035868
0.035499
0.035787
0.035658
0.035845
0.035363
0.035850
0.036160
0.035254
0.035831
0.035595
0.035781
0.035848
0.035561
0.035909
0.035539
0.035569
0.050861
0.048852
0.034141
0.010627
0.034100
0.035753
0.035675
0.035588
0.035798
0.035714
0.036244
0.050079
0.046041
0.021463
0.031889
0.050632
0.043540
0.035825
0.009701
0.032028
0.035855
0.038601
0.032959
0.035855
0.035093
0.035712
0.035676
0.035906
0.037160
0.034025
0.035731
0.035602
0.036041
0.035693
0.035471
0.037661
0.033681
0.035799
0.035735
0.035713
0.035826
0.035524
0.035586
0.035563
0.035903
0.044141
0.052227
0.044929
0.036797
0.036702
0.036853
0.036475
0.036735
0.028111
0.039883
0.037055
0.036403
0.037116
0.036758
0.037280
0.037160
0.048802
0.014425
0.030699
0.027573
0.020772
0.032808
0.031807
0.035704
0.049958
0.044405
0.022161
0.031365
0.047744
0.046979
0.037105
0.009381
0.031929
0.035794
0.035624
0.035895
0.035773
0.035657
0.035873
0.035524
0.035882
0.038223
0.033302
0.035334
0.035754
0.036112
0.035416
0.035938
0.036105
0.035149
0.035675
0.035526
0.035972
0.035630
0.035207
0.035933
0.035689
0.035811
0.035461
0.036168
0.035283
0.035781
0.036374
0.034973
0.035708
0.035810
0.036204
0.035238
0.035809
0.036247
0.035021
0.035967
0.035399
0.051252
0.041826
0.024436
0.031544
0.031487
0.033676
0.036593
0.035205
0.035845
0.035376
0.035735
0.035687
0.035826
0.035867
0.035350
0.035456
0.035612
0.036129
0.036249
0.050839
0.047900
0.018794
0.031845
0.049756
0.043118
0.018332
0.032144
0.040684
0.032858
0.031119
0.031495
0.034884
0.035522
0.035733
0.035954
0.035985
0.035076
0.035942
0.035679
0.035506
0.035651
0.035798
0.035798
0.035505
0.035901
0.053030
0.045329
0.024812
0.046357
0.020376
0.031967
0.031286
0.032567
0.035489
0.035512
0.035791
0.035738
0.035587
0.035976
0.035884
0.051289
0.048669
0.036717
0.008984
0.032816
0.035933
0.050550
0.044308
0.060391
0.135592
0.046884
0.014688
0.010826
0.021167
0.020610
0.057091
0.012925
0.016334
0.025217
0.013645
0.006640
0.033781
0.035967
0.035447
0.035817
0.035861
0.035682
0.035733
0.035449
0.035872
0.035483
0.035944
0.035598
0.035807
0.036133
0.035688
0.035928
0.050002
0.021296
0.035204
0.036070
0.036093
0.035255
0.036023
0.035272
0.035675
0.035577
0.035909
0.038425
0.032668
0.035741
0.035680
0.035857
0.035878
0.035472
0.035562
0.035625
0.036017
0.051318
0.032881
0.032497
0.036065
0.031479
0.051213
0.043450
0.036674
0.009956
0.031539
0.035769
0.035954
0.036078
0.035071
0.035825
0.035665
0.036024
0.036196
0.034768
0.035651
0.035884
0.035849
0.035446
0.035957
0.035877
0.035373
0.035642
0.035899
0.035658
0.036251
0.035046
0.035632
0.035687
0.035822
0.036360
0.034997
0.035915
0.035372
0.035902
0.035462
0.036074
0.035551
0.035602
0.035820
0.046392
0.042049
0.019102
0.035309
0.035674
0.035646
0.035862
0.036285
0.035090
0.035490
0.035907
0.035767
0.035739
0.035280
0.055228
0.044509
0.035177
0.009917
0.033948
0.035703
0.035891
0.035795
0.049223
0.033880
0.031615
0.054946
0.042692
0.036906
0.036620
0.036891
0.036580
0.036729
0.037209
0.036754
0.037438
0.037638
0.032264
0.027169
0.031986
0.018361
0.032376
0.031511
0.031932
0.035102
0.035084
0.052396
0.053000
0.036924
0.036958
0.037156
0.036555
0.036697
0.036637
0.037322
0.037590
0.041235
0.017678
0.034006
0.014937
0.033884
0.051818
0.045977
0.036652
0.036942
0.036604
0.036600
0.036798
0.036932
0.037497
0.037326
0.037743
0.028951
0.026908
0.035485
0.012270
0.031638
0.044382
0.031993
0.051068
0.043599
0.035107
0.010552
0.046433
0.049310
0.035612
0.008162
0.034215
0.036037
0.035997
0.035706
0.035383
0.035537
0.035838
0.035926
0.035970
0.035223
0.035470
0.036043
0.035830
0.046635
0.032233
0.034153
0.031799
0.033473
0.035854
0.035951
0.035349
0.035890
0.035356
0.035586
0.035843
0.035775
0.051428
0.048015
0.037386
0.007775
0.033924
0.035632
0.035914
0.035837
0.035159
0.035718
0.035820
0.035558
0.035803
0.036214
0.035360
0.035906
0.035200
0.035874
0.035721
0.035815
0.035864
0.035356
0.035663
0.035810
0.036336
0.035023
0.035612
0.051912
0.046891
0.019343
0.031681
0.031413
0.033099
0.035711
0.035829
0.035869
0.036339
0.034896
0.035742
0.035639
0.035430
0.035964
0.036229
0.041451
0.031594
0.033807
0.035927
0.035815
0.052795
0.046223
0.020156
0.032469
0.031186
0.047823
0.045940
0.020718
0.031944
0.033674
0.049711
0.042821
0.038169
0.007530
0.034095
0.036121
0.035079
0.035856
0.035631
0.035685
0.036022
0.035356
0.035604
0.035751
0.035670
0.035708
0.043968
0.038025
0.031902
0.031187
0.033589
0.035638
0.053251
0.050482
0.036693
0.036639
0.036573
0.030637
0.033062
0.010274
0.042012
0.054428
0.043041
0.036819
0.036917
0.036382
0.031944
0.032326
0.035307
0.013021
0.029434
0.034814
0.035697
0.035760
0.035554
0.035751
0.036015
0.035585
0.036083
0.051091
0.047122
0.034939
0.010484
0.034777
0.035618
0.035440
0.051674
0.052429
0.031339
0.014776
0.031213
0.049366
0.047323
0.037405
0.007837
0.048657
0.049057
0.019379
0.031942
0.052233
0.040126
0.025980
0.046086
0.035784
0.009629
0.032380
0.049247
0.032628
0.031726
0.054123
0.033864
0.040086
0.035458
0.008835
0.034669
0.054691
0.027297
0.053539
0.030003
0.013912
0.035018
0.035534
0.035800
0.035642
0.035753
0.035664
0.035559
0.036092
0.035344
0.035872
0.035831
0.035625
0.036165
0.035425
0.036001
0.047401
0.032267
0.031485
0.049386
0.045915
0.018751
0.031959
0.035063
0.050414
0.043839
0.035662
0.008061
0.033674
0.035650
0.035790
0.036066
0.036737
0.034331
0.035571
0.035859
0.035924
0.035894
0.035371
0.035536
0.035731
0.036392
0.035146
0.035893
0.038148
0.032881
0.035711
0.035729
0.035964
0.035670
0.035165
0.052328
0.047550
0.033537
0.011138
0.034382
0.035638
0.035708
0.035822
0.035638
0.036059
0.035774
0.035428
0.035842
0.035555
0.035710
0.036281
0.050772
0.054598
0.037295
0.036707
0.037192
0.036400
0.036715
0.037489
0.037351
0.037098
0.056009
0.006268
0.008582
0.031160
0.031915
0.035169
0.036475
0.034925
0.035652
0.035658
0.035859
0.036045
0.034975
0.035800
0.035852
0.035810
0.049847
0.048637
0.038505
0.013995
0.031493
0.031693
0.045969
0.031605
0.031706
0.033797
0.035550
0.035823
0.035833
0.035226
0.035646
0.035913
0.035659
0.035706
0.035974
0.035874
0.035302
0.035611
0.035597
0.035900
0.035228
0.035839
0.035886
0.050650
0.042332
0.024581
0.032298
0.031505
0.033201
0.035734
0.036295
0.035059
0.035549
0.035710
0.035994
0.050181
0.048871
0.019152
0.032329
0.031497
0.032682
0.035021
0.035517
0.050687
0.048978
0.035108
0.009606
0.034641
0.049194
0.049691
0.039793
0.036930
0.036677
0.036798
0.037351
0.036902
0.037553
0.037058
0.037290
0.037519
0.038068
0.020918
0.033355
0.016411
0.045003
0.043779
0.037542
0.008488
0.033130
0.035666
0.035285
0.035959
0.035736
0.035697
0.035831
0.035707
0.035470
0.035653
0.035953
0.036440
0.035257
0.036091
0.038655
0.032841
0.035452
0.035227
0.036321
0.036042
0.034701
0.037187
0.034207
0.036256
0.035035
0.035604
0.035580
0.035918
0.038327
0.033784
0.035802
0.034927
0.035818
0.035876
0.035238
0.035784
0.035717
0.035842
0.036117
0.052750
0.048593
0.042626
0.036956
0.039343
0.027912
0.043407
0.026381
0.042471
0.037592
0.045789
0.016123
0.030096
0.019028
0.030621
0.048135
0.046675
0.017822
0.031618
0.031527
0.034159
0.035770
0.035828
0.035906
0.035241
0.035570
0.036083
0.035681
0.035662
0.035859
0.036409
0.034727
0.035529
0.035962
0.035763
0.049889
0.044492
0.022534
0.031557
0.050642
0.043798
0.036514
0.007940
0.033828
0.036056
0.043850
0.036166
0.031145
0.031468
0.035790
0.035561
0.035341
0.035657
0.035867
0.035721
0.035893
0.035634
0.036144
0.049293
0.042093
0.022379
0.054257
0.044127
0.037110
0.036780
0.031867
0.032898
0.035695
0.011316
0.031753
0.034321
0.035894
0.035977
0.035060
0.035817
0.035761
0.035661
0.036124
0.035171
0.035752
0.035639
0.035798
0.036030
0.035071
0.035877
0.035660
0.035807
0.035618
0.035752
0.035655
0.035548
0.035802
0.050812
0.048946
0.037267
0.007325
0.034504
0.035695
0.035663
0.035938
0.035515
0.035764
0.051105
0.051819
0.036427
0.036840
0.036885
0.031007
0.032561
0.010022
0.034599
0.035613
0.035794
0.035965
0.036160
0.034881
0.035835
0.035624
0.035920
0.036244
0.035009
0.035677
0.052266
0.024082
0.038075
0.052122
0.045283
0.036077
0.031950
0.018356
0.032362
0.053705
0.042611
0.036675
0.036767
0.036624
0.036822
0.036913
0.036744
0.036926
0.037399
0.037820
0.048585
0.010411
0.032131
0.037973
0.036737
0.036894
0.037000
0.037297
0.036704
0.036841
0.036808
0.037574
0.026850
0.036389
0.032084
0.017857
0.031831
0.031514
0.031598
0.035739
0.035678
0.036329
0.034965
0.035606
0.036029
0.046376
0.031695
0.052829
0.045185
0.037019
0.036571
0.037142
0.036543
0.037067
0.036481
0.037286
0.037409
0.030513
0.139493
0.018740
0.013222
0.006622
0.008451
0.009641
0.039923
0.150685
0.006148
0.018025
0.012890
0.005707
0.022941
0.010472
0.035140
0.035126
0.035809
0.035545
0.036202
0.035804
0.035094
0.035702
0.035844
0.035759
0.036046
0.035064
0.035663
0.035635
0.035822
0.035758
0.035722
0.035580
0.037295
0.033999
0.035681
0.035709
0.035630
0.035987
0.035963
0.035345
0.035588
0.050584
0.052442
0.036434
0.033562
0.040825
0.036846
0.036764
0.037222
0.036471
0.036602
0.034343
0.026653
0.035896
0.011340
0.031496
0.034425
0.035494
0.035682
0.036049
0.036328
0.034708
0.035733
0.035832
0.035870
0.035820
0.035275
0.035730
0.035730
0.036006
0.036284
0.039194
0.031483
0.035368
0.035696
0.035793
0.035733
0.036580
0.034700
0.035777
0.035718
0.035649
0.035652
0.035852
0.036176
0.035081
0.050696
0.048776
0.028641
0.015297
0.051521
0.051012
0.036829
0.036541
0.036903
0.036323
0.036819
0.036872
0.036658
0.036935
0.036845
0.037659
0.035023
0.037636
0.028352
0.033879
0.030836
0.030862
0.012514
0.033754
0.035924
0.036437
0.034883
0.035654
0.035663
0.035932
0.035959
0.035153
0.035834
0.035706
0.035854
0.035584
0.035926
0.035780
0.035264
0.035734
0.035937
0.035762
0.036261
0.035048
0.035593
0.055452
0.043942
0.034208
0.010539
0.034736
0.035401
0.035544
0.035832
0.035817
0.035448
0.035457
0.035926
0.035516
0.035673
0.035683
0.035703
0.035791
0.035648
0.035669
0.036145
0.035231
0.051155
0.048659
0.027376
0.025858
0.034632
0.036239
0.031621
0.031708
0.052463
0.045890
0.017390
0.031544
0.049244
0.044536
0.037441
0.007531
0.034240
0.035698
0.035595
0.047400
0.032393
0.032489
0.031383
0.034624
0.035837
0.041403
0.049518
0.044326
0.035214
0.010070
0.048238
0.047362
0.021865
0.032226
0.033777
0.031557
0.032876
0.036156
0.035459
0.035822
0.035356
0.035903
0.035567
0.035795
0.039238
0.048814
0.047306
0.037136
0.008926
0.032730
0.035801
0.035671
0.035793
0.035426
0.036046
0.035988
0.041888
0.034241
0.048715
0.045498
0.020203
0.032374
0.034005
0.031365
0.032977
0.035720
0.035933
0.035141
0.038284
0.047711
0.042252
0.024491
0.031477
0.048279
0.046168
0.036736
0.008335
0.033374
0.036065
0.035259
0.035663
0.035777
0.035923
0.037274
0.033811
0.035827
0.035745
0.035582
0.035377
0.050833
0.048876
0.037360
0.007905
0.034921
0.044493
0.030625
0.050312
0.044495
0.037255
0.008351
0.048057
0.046402
0.022684
0.032485
0.054428
0.018638
0.053212
0.018390
0.032355
0.031211
0.032541
0.035807
0.036102
0.035037
0.036133
0.035374
0.035802
0.035976
0.035456
0.035441
0.035915
0.036213
0.035939
0.034833
0.035570
0.054548
0.049226
0.036817
0.036772
0.030609
0.036537
0.035123
0.007516
0.034855
0.035926
0.035338
0.035463
0.035894
0.046706
0.032039
0.031742
0.032528
0.035366
0.035654
0.036167
0.050621
0.048859
0.020642
0.064104
0.009468
0.048761
0.030690
0.013144
0.049122
0.043420
0.023382
0.031339
0.049677
0.044814
0.036806
0.009470
0.032127
0.058080
0.015935
0.033423
0.036414
0.034929
0.035688
0.035761
0.035714
0.038102
0.032941
0.035953
0.035568
0.036024
0.036105
0.035337
0.038098
0.032924
0.035751
0.035738
0.035803
0.035549
0.035664
0.035617
0.035815
0.035943
0.035540
0.035670
0.035737
0.035709
0.035574
0.035828
0.035418
0.035969
0.035697
0.035764
0.036109
0.035109
0.035793
0.035714
0.050975
0.048737
0.037528
0.008203
0.053588
0.048038
0.033797
0.041078
0.036329
0.036734
0.037075
0.036980
0.037008
0.042704
0.018603
0.034291
0.014632
0.044728
0.047194
0.035892
0.028850
0.041983
0.036341
0.007567
0.034157
0.035873
0.035298
0.035859
0.035368
0.035903
0.051330
0.048160
0.037463
0.007363
0.037242
0.032674
0.035986
0.036226
0.034950
0.035585
0.035941
0.035875
0.035413
0.035917
0.035929
0.035290
0.035662
0.035764
0.035866
0.051063
0.048526
0.036933
0.007045
0.035064
0.035549
0.035696
0.036256
0.035171
0.035569
0.035776
0.035708
0.036657
0.034550
0.035911
0.036016
0.035227
0.035611
0.035839
0.035490
0.035743
0.036218
0.035273
0.035592
0.035848
0.035874
0.036259
0.034947
0.035832
0.035550
0.035815
0.049862
0.033174
0.032085
0.054621
0.043136
0.036538
0.036882
0.029057
0.034907
0.036831
0.026653
0.019410
0.031561
0.035561
0.036041
0.035209
0.036542
0.034885
0.035741
0.035986
0.035345
0.035696
0.035689
0.035912
0.058029
0.015311
0.033425
0.035889
0.035562
0.035326
0.035736
0.035953
0.035535
0.035810
0.035801
0.035621
0.035796
0.035564
0.035879
0.035452
0.035716
0.035760
0.035659
0.053920
0.045670
0.029103
0.019101
0.031261
0.035182
0.035820
0.035729
0.035764
0.035750
0.035471
0.035655
0.035800
0.035670
0.035878
0.035488
0.035963
0.035434
0.035757
0.035789
0.035700
0.035787
0.035542
0.035785
0.035695
0.035682
0.035905
0.035519
0.035658
0.035763
0.035689
0.035756
0.035670
0.035987
0.035513
0.035545
0.035700
0.035775
0.035682
0.035883
0.035485
0.035791
0.035526
0.035867
0.035921
0.035317
0.036182
0.035361
0.035602
0.035720
0.037953
0.033820
0.095400
0.005662
0.016957
0.027273
0.048025
0.048594
0.027212
0.026296
0.034042
0.032685
0.031746
0.034470
0.035824
0.035819
0.035628
0.035606
0.035942
0.035772
0.035354
0.035854
0.035678
0.035812
0.036291
0.034734
0.035858
0.035518
0.036018
0.035917
0.035240
0.035845
0.035632
0.035864
0.056943
0.024328
0.029611
0.031681
0.035812
0.035453
0.035872
0.035838
0.035864
0.037515
0.033877
0.035336
0.035722
0.035670
0.036180
0.035400
0.050989
0.032871
0.032456
0.031451
0.048067
0.050646
0.036879
0.036612
0.037010
0.029471
0.039421
0.036647
0.036912
0.036847
0.036481
0.036816
0.036959
0.036672
0.037538
0.037779
0.036554
0.056001
0.009995
0.026189
0.034601
0.008520
0.033934
0.035670
0.035902
0.036111
0.034931
0.035670
0.035848
0.035555
0.035815
0.036185
0.035275
0.035997
0.035270
0.035741
0.035769
0.035727
0.036593
0.034927
0.035392
0.035721
0.035972
0.045021
0.038925
0.032340
0.031443
0.049059
0.049585
0.036696
0.036621
0.036681
0.036567
0.037282
0.036661
0.036808
0.033207
0.026635
0.037501
0.009896
0.031737
0.035716
0.036425
0.034884
0.035716
0.035769
0.036049
0.036127
0.034889
0.035733
0.035928
0.035542
0.035668
0.036024
0.036148
0.034890
0.035643
0.035857
0.035629
0.036359
0.035194
0.035507
0.035652
0.035976
0.036390
0.034716
0.051227
0.051939
0.034086
0.030235
0.015843
0.048958
0.050188
0.036710
0.036604
0.036687
0.036358
0.037050
0.036793
0.036600
0.036698
0.037108
0.036986
0.037859
0.037049
0.037699
0.027425
0.032466
0.028871
0.026600
0.025403
0.045959
0.025245
0.032028
0.033819
0.031734
0.034843
0.035897
0.035939
0.035383
0.035399
0.035906
0.035859
0.036086
0.035024
0.035634
0.035777
0.035734
0.036071
0.035311
0.035564
0.035647
0.035930
0.036044
0.035159
0.035852
0.035743
0.035814
0.036229
0.035303
0.050769
0.041716
0.024203
0.031532
0.031779
0.034577
0.051626
0.047356
0.037504
0.007859
0.033917
0.035872
0.035599
0.036552
0.034671
0.035494
0.035875
0.035911
0.035655
0.035278
0.035865
0.035572
0.035844
0.036226
0.035066
0.035579
0.035880
0.035687
0.035721
0.035684
0.036445
0.035138
0.051143
0.115682
0.006332
0.005846
0.007246
0.050820
0.042665
0.040222
0.030712
0.038955
0.036436
0.037276
0.030594
0.024236
0.045434
0.020356
0.032603
0.033596
0.109576
0.019967
0.006523
0.027716
0.017679
0.028187
0.033154
0.035935
0.051765
0.048995
0.015451
0.031356
0.032432
0.034006
0.039742
0.047563
0.051023
0.036653
0.036937
0.036686
0.030554
0.037049
0.037031
0.036548
0.037056
0.036184
0.037054
0.036959
0.036677
0.037113
0.035109
0.032243
0.041638
0.037967
0.032705
0.069344
0.012233
0.019920
0.029592
0.031535
0.017804
0.031441
0.032951
0.035859
0.035424
0.035641
0.035644
0.051800
0.048340
0.034271
0.009554
0.034641
0.035934
0.035555
0.035835
0.036268
0.035098
0.035667
0.035685
0.035917
0.036588
0.034312
0.035851
0.035555
0.036093
0.035293
0.035988
0.035882
0.035828
0.035467
0.035465
0.035677
0.035906
0.035747
0.035998
0.035179
0.035980
0.035544
0.035613
0.035953
0.035829
0.035866
0.035345
0.036035
0.050707
0.048455
0.034082
0.010401
0.034704
0.035927
0.035728
0.037787
0.034076
0.036078
0.034565
0.035608
0.035804
0.058006
0.021743
0.053487
0.043573
0.037006
0.036295
0.036850
0.037011
0.036316
0.036976
0.037184
0.037322
0.027963
0.031782
0.034072
0.033510
0.011477
0.032454
0.036031
0.035021
0.035783
0.035779
0.049553
0.076038
0.015639
0.014177
0.032728
0.038359
0.032423
0.031309
0.046859
0.029696
0.031123
0.031477
0.034586
0.035670
0.035715
0.035926
0.038140
0.033175
0.035674
0.035683
0.035839
0.035899
0.035344
0.035733
0.035553
0.035947
0.036401
0.034834
0.036137
0.035828
0.035261
0.036252
0.051750
0.046916
0.018037
0.031379
0.034104
0.032126
0.036831
0.034080
0.035713
0.035651
0.035658
0.035869
0.035844
0.050950
0.049159
0.036089
0.008550
0.033426
0.035769
0.035734
0.035431
0.035719
0.035629
0.035982
0.035840
0.036636
0.034754
0.035341
0.035673
0.096143
0.011911
0.007059
0.032321
0.032137
0.034889
0.036473
0.034914
0.035744
0.035778
0.035930
0.037745
0.033389
0.035700
0.035742
0.035473
0.036009
0.035854
0.045034
0.054473
0.017479
0.035888
0.053362
0.037555
0.009056
0.046665
0.049800
0.019213
0.031978
0.031258
0.032182
0.035787
0.035557
0.035822
0.035897
0.050920
0.048287
0.029914
0.022351
0.029289
0.033309
0.035779
0.036426
0.034939
0.035624
0.035698
0.035962
0.036315
0.034986
0.035528
0.035922
0.035669
0.036062
0.035479
0.036004
0.035191
0.035550
0.035911
0.035693
0.036203
0.035162
0.035725
0.035664
0.035793
0.036022
0.035152
0.035651
0.035919
0.035904
0.036079
0.035134
0.035577
0.035853
0.035896
0.036936
0.034346
0.035567
0.035903
0.035796
0.035662
0.035852
0.035102
0.035792
0.035647
0.035812
0.036055
0.035244
0.036159
0.035277
0.052233
0.048474
0.036380
0.009205
0.032432
0.035761
0.035759
0.035836
0.035624
0.035765
0.036008
0.035341
0.035501
0.061085
0.010960
0.035118
0.035776
0.036107
0.035114
0.036314
0.035185
0.035864
0.036433
0.039363
0.031568
0.035279
0.036139
0.035884
0.035260
0.035668
0.035747
0.035836
0.035699
0.035271
0.035630
0.035849
0.035741
0.035705
0.035836
0.035596
0.035490
0.035936
0.051730
0.033112
0.032601
0.031356
0.031824
0.034754
0.034767
0.050871
0.051794
0.035229
0.034942
0.034077
0.009111
0.033857
0.035919
0.037385
0.034203
0.036103
0.035041
0.035595
0.035628
0.036080
0.035943
0.035376
0.035869
0.035435
0.035847
0.035376
0.036149
0.036565
0.034466
0.035820
0.035596
0.036442
0.036339
0.034611
0.035994
0.035224
0.035466
0.035949
0.035904
0.037053
