0.000042
0.161147
0.167628
0.264847
0.084549
0.176665
0.140608
0.195042
0.172510
0.152841
0.168821
0.302573
0.042702
0.131253
0.196611
0.137942
0.188801
0.143888
0.195507
0.160864
0.168987
0.141709
0.193515
0.165480
0.140423
0.190590
0.142725
0.167278
0.193733
0.166164
0.140482
0.355024
0.014382
0.139727
0.156998
0.192879
0.139913
0.189704
0.171789
0.139328
0.166220
0.194749
0.139578
0.166309
0.192160
0.140725
0.192383
0.166712
0.142319
0.329907
0.038041
0.130555
0.193596
0.166408
0.140146
0.189101
0.168732
0.142014
0.195992
0.305709
0.035110
0.152222
0.145261
0.179299
0.179831
0.162561
0.143933
0.381502
0.015167
0.103473
0.320770
0.218015
0.014648
0.139199
0.166826
0.140644
0.318879
0.106640
0.080230
0.188258
0.139288
0.186714
0.146431
0.193425
0.140247
0.192597
0.139626
0.166670
0.167961
0.165588
0.167094
0.193206
0.165569
0.141549
0.190440
0.142548
0.166491
0.188765
0.146192
0.185675
0.146273
0.192784
0.141180
0.192434
0.164978
0.167869
0.140534
0.166580
0.168564
0.191801
0.139983
0.193104
0.140798
0.192409
0.160766
0.146097
0.191392
0.168292
0.175821
0.161346
0.136430
0.166335
0.193180
0.147594
0.185226
0.141353
0.186822
0.294283
0.046450
0.138955
0.167046
0.167032
0.166212
0.187781
0.171120
0.166810
0.166336
0.166737
0.290375
0.046296
0.341683
0.013788
0.139223
0.169869
0.140287
0.165895
0.195460
0.291639
0.099776
0.081373
0.191832
0.286436
0.053828
0.160517
0.166054
0.161690
0.150915
0.160251
0.168238
0.191955
0.166625
0.167134
0.166932
0.165952
0.166065
0.140829
0.188726
0.171045
0.167913
0.165301
0.164476
0.142132
0.189788
0.171026
0.168329
0.139143
0.190931
0.167991
0.295065
0.275163
0.059373
0.021514
0.156283
0.165708
0.166700
0.167521
0.190805
0.168452
0.167310
0.164975
0.163234
0.346269
0.014599
0.144473
0.161226
0.144269
0.192781
0.166291
0.167981
0.162147
0.170259
0.288714
0.229720
0.013975
0.139807
0.161727
0.338880
0.013575
0.148629
0.173080
0.133746
0.189354
0.143673
0.192201
0.141225
0.165692
0.193427
0.168356
0.165945
0.138736
0.193244
0.171231
0.162703
0.166046
0.164427
0.141845
0.166558
0.167254
0.168159
0.187638
0.168591
0.290393
0.047988
0.161217
0.142700
0.355940
0.014110
0.156534
0.169955
0.163048
0.166982
0.171718
0.161927
0.140553
0.192359
0.141218
0.192081
0.290109
0.354611
0.015520
0.015940
0.161759
0.163018
0.161529
0.145214
0.166245
0.360114
0.013694
0.153917
0.139244
0.313594
0.047481
0.165916
0.165580
0.166814
0.165942
0.167004
0.174145
0.135232
0.306502
0.178863
0.045310
0.158548
0.168526
0.141945
0.190537
0.168846
0.138246
0.168255
0.165791
0.192910
0.166691
0.141338
0.187512
0.144678
0.191925
0.140478
0.193772
0.142853
0.189759
0.166919
0.140548
0.167572
0.167941
0.316173
0.218418
0.014112
0.142034
0.143636
0.185266
0.290157
0.053051
0.159994
0.141794
0.557241
0.014066
0.014123
0.102911
0.170568
0.165584
0.164034
0.170871
0.167577
0.139923
0.190660
0.142729
0.170526
0.189020
0.168458
0.139996
0.191242
0.166630
0.167936
0.165463
0.140303
0.168439
0.195334
0.162061
0.142294
0.165629
0.165772
0.171944
0.186791
0.167969
0.166455
0.165220
0.311230
0.065037
0.127056
0.161552
0.144194
0.193371
0.166624
0.141601
0.190706
0.186706
0.122311
0.191458
0.168297
0.165707
0.288138
0.173574
0.041163
0.137433
0.192261
0.165559
0.142190
0.189597
0.144498
0.192190
0.140762
0.165637
0.194263
0.165890
0.150631
0.156225
0.166160
0.188365
0.146639
0.303542
0.195079
0.042300
0.125308
0.167391
0.165107
0.315385
0.198139
0.040385
0.113487
0.166772
0.191893
0.284941
0.056256
0.153714
0.146268
0.188412
0.170130
0.166794
0.143272
0.190397
0.275325
0.096404
0.102481
0.165955
0.168202
0.191725
0.269196
0.070028
0.159346
0.141509
0.192919
0.169363
0.164428
0.141533
0.165370
0.187553
0.403882
0.018964
0.281459
0.014142
0.094420
0.299947
0.069270
0.130703
0.192668
0.141859
0.185494
0.145722
0.204564
0.129342
0.187245
0.175828
0.161147
0.169488
0.166004
0.140095
0.193708
0.140793
0.189713
0.173936
0.136781
0.189479
0.142793
0.192367
0.141170
0.165739
0.170082
0.191774
0.139757
0.165260
0.190745
0.163008
0.400418
0.045711
0.198101
0.029395
0.162701
0.169435
0.142989
0.190333
0.166878
0.141513
0.192703
0.141021
0.191622
0.166466
0.166986
0.148079
0.186186
0.140383
0.181542
0.177271
0.166565
0.141269
0.165617
0.192134
0.140483
0.193749
0.166852
0.139901
0.188139
0.144765
0.189135
0.287094
0.183685
0.042492
0.131651
0.166334
0.189295
0.173449
0.145029
0.179797
0.146266
0.313416
0.046543
0.165923
0.166474
0.141507
0.166867
0.165882
0.166098
0.190939
0.169612
0.140786
0.320350
0.214148
0.013968
0.140098
0.146130
0.165587
0.191014
0.166482
0.163110
0.168088
0.169293
0.141714
0.165325
0.192193
0.169048
0.170235
0.135110
0.192123
0.167999
0.166479
0.141313
0.188982
0.165008
0.165885
0.146909
0.165850
0.166486
0.312481
0.103909
0.104822
0.168672
0.143043
0.192791
0.140642
0.193572
0.166021
0.163851
0.143120
0.193540
0.166417
0.166064
0.162007
0.168707
0.169531
0.142972
0.164697
0.197229
0.135930
0.166494
0.166542
0.166524
0.192907
0.298738
0.210417
0.015281
0.139420
0.143402
0.193084
0.141350
0.165625
0.192965
0.303547
0.038391
0.158093
0.167498
0.140441
0.188895
0.173376
0.138474
0.191266
0.140301
0.170359
0.186345
0.169290
0.142818
0.164307
0.198563
0.135813
0.166535
0.191329
0.141143
0.191589
0.168003
0.141243
0.190616
0.167584
0.142089
0.191357
0.167140
0.165949
0.141957
0.166877
0.191221
0.167447
0.165731
0.142192
0.188645
0.169154
0.142928
0.165391
0.166926
0.167060
0.165760
0.187025
0.173591
0.165840
0.165804
0.140908
0.167219
0.191336
0.141198
0.374477
0.013846
0.112712
0.193368
0.338795
0.013991
0.140027
0.173221
0.140566
0.192207
0.290758
0.225869
0.013830
0.137534
0.146117
0.183039
0.177520
0.133893
0.191680
0.166642
0.143771
0.186769
0.167998
0.142998
0.188569
0.143646
0.166254
0.190740
0.142783
0.166717
0.196120
0.163286
0.140788
0.190917
0.148618
0.160319
0.295050
0.070766
0.134390
0.165767
0.360103
0.013493
0.127014
0.193425
0.149763
0.156884
0.323011
0.268106
0.020131
0.370459
0.018170
0.378118
0.013870
0.015470
0.118839
0.166566
0.141183
0.167937
0.190348
0.140313
0.195802
0.138252
0.166569
0.198347
0.160506
0.162058
0.145017
0.194582
0.140311
0.166482
0.192702
0.140820
0.201229
0.159364
0.138800
0.189497
0.169861
0.141642
0.191960
0.166650
0.140951
0.192019
0.140926
0.188350
0.173989
0.162894
0.141618
0.193404
0.140411
0.166302
0.171286
0.185931
0.142526
0.167815
0.191545
0.140920
0.192675
0.166748
0.140444
0.192995
0.164963
0.142145
0.186697
0.169577
0.144161
0.196757
0.160348
0.142912
0.165641
0.192439
0.141504
0.189010
0.170137
0.141962
0.188312
0.169454
0.141939
0.192646
0.169060
0.137335
0.196281
0.162163
0.141266
0.190482
0.142716
0.192573
0.169657
0.163434
0.141277
0.192667
0.295335
0.340932
0.059856
0.026626
0.084936
0.166105
0.188383
0.145490
0.166353
0.165631
0.167419
0.189127
0.302757
0.044075
0.153559
0.143860
0.186803
0.147160
0.165988
0.167011
0.166245
0.193556
0.139632
0.168084
0.365943
0.014200
0.119726
0.187620
0.164764
0.169386
0.169647
0.140009
0.167523
0.194157
0.138957
0.166909
0.192379
0.141623
0.188673
0.176989
0.154328
0.146421
0.190378
0.143443
0.187667
0.144642
0.166758
0.189835
0.149304
0.160797
0.168153
0.191530
0.202938
0.131621
0.165334
0.141061
0.186835
0.172567
0.140133
0.189096
0.170401
0.140260
0.166383
0.194114
0.138803
0.166906
0.166621
0.194526
0.165658
0.140217
0.166676
0.193343
0.165848
0.142045
0.192014
0.143817
0.162872
0.201383
0.158731
0.165587
0.167574
0.164706
0.142186
0.188794
0.171234
0.160175
0.171769
0.168065
0.139655
0.314429
0.047833
0.138427
0.192370
0.170737
0.156782
0.172797
0.166950
0.166982
0.166104
0.166529
0.140574
0.192203
0.139805
0.168887
0.192040
0.166666
0.141018
0.192974
0.139940
0.192901
0.174533
0.140325
0.192081
0.156688
0.181409
0.154330
0.141773
0.192654
0.165782
0.169773
0.163741
0.141400
0.191966
0.289630
0.144844
0.310877
0.019935
0.487485
0.018875
0.055003
0.219110
0.013922
0.106223
0.168639
0.140108
0.319160
0.103998
0.080117
0.189452
0.140028
0.192270
0.160583
0.146691
0.177171
0.177401
0.171353
0.166171
0.142285
0.191734
0.162788
0.170665
0.165608
0.172973
0.160672
0.140879
0.167232
0.190286
0.175114
0.160157
0.140011
0.166753
0.193302
0.139771
0.194988
0.140030
0.193301
0.139388
0.167800
0.190188
0.141582
0.167386
0.175823
0.182476
0.142032
0.165870
0.193296
0.162899
0.144820
0.191471
0.164631
0.169706
0.165816
0.167227
0.167974
0.164898
0.163150
0.169998
0.287502
0.221580
0.013795
0.144213
0.162484
0.144154
0.168412
0.192070
0.140005
0.192545
0.168002
0.163879
0.166300
0.167793
0.169923
0.308800
0.174474
0.028496
0.152200
0.170821
0.287350
0.074126
0.110107
0.189554
0.171959
0.339352
0.015132
0.114989
0.194311
0.293097
0.352831
0.016229
0.023000
0.147760
0.141184
0.194682
0.138874
0.165582
0.166561
0.192814
0.163590
0.143372
0.192243
0.163316
0.173264
0.163787
0.164471
0.143789
0.190988
0.167649
0.165264
0.270722
0.077407
0.149707
0.171769
0.141312
0.166111
0.190881
0.162106
0.145517
0.171728
0.187920
0.288316
0.047354
0.141249
0.188697
0.142250
0.165844
0.166563
0.311309
0.056455
0.156415
0.142572
0.166591
0.192403
0.167131
0.142943
0.165317
0.165102
0.193225
0.165037
0.146893
0.190412
0.162415
0.168589
0.166194
0.142497
0.191292
0.167464
0.282450
0.055530
0.161395
0.140797
0.336870
0.039553
0.149469
0.165995
0.162733
0.171053
0.166495
0.163048
0.294442
0.249661
0.082263
0.034157
0.310999
0.044490
0.154743
0.166817
0.161862
0.145966
0.191445
0.166982
0.164539
0.166585
0.142942
0.191530
0.141282
0.166890
0.308366
0.187339
0.164072
0.044530
0.150720
0.171088
0.166579
0.168306
0.165386
0.140346
0.166214
0.202535
0.155004
0.142436
0.202030
0.155537
0.142462
0.168428
0.165262
0.187744
0.145323
0.321318
0.362744
0.015040
0.014202
0.119949
0.192782
0.143322
0.190533
0.142125
0.190987
0.167691
0.161562
0.171403
0.171985
0.160712
0.307639
0.036049
0.131444
0.189343
0.142347
0.168122
0.165371
0.193727
0.166086
0.166458
0.176993
0.153461
0.167585
0.144205
0.165144
0.190800
0.142525
0.166255
0.188732
0.144613
0.190248
0.144575
0.191508
0.141398
0.166435
0.193170
0.141072
0.175984
0.155930
0.168190
0.164768
0.198099
0.162583
0.302773
0.394202
0.014700
0.014222
0.081381
0.165142
0.166507
0.182605
0.178129
0.140150
0.192985
0.141334
0.190078
0.168210
0.142455
0.165713
0.187572
0.171613
0.141788
0.191248
0.167223
0.165620
0.141575
0.192186
0.166605
0.169548
0.138964
0.165271
0.167673
0.191402
0.167786
0.165174
0.141777
0.192317
0.166536
0.142039
0.188399
0.170693
0.142395
0.184394
0.147233
0.165646
0.167142
0.192088
0.166102
0.164905
0.287156
0.057822
0.158338
0.165900
0.141724
0.165427
0.167055
0.166247
0.193557
0.165784
0.141046
0.165200
0.168485
0.192510
0.166999
0.166084
0.142464
0.190148
0.167470
0.141718
0.164726
0.206201
0.150069
0.172431
0.164321
0.141640
0.192351
0.139700
0.167018
0.188383
0.171026
0.141214
0.190873
0.141649
0.189202
0.167516
0.143962
0.191982
0.166655
0.167822
0.140542
0.192201
0.142452
0.190959
0.285978
0.054141
0.135461
0.164495
0.194460
0.139048
0.189968
0.152870
0.158250
0.191968
0.166380
0.141444
0.188790
0.143312
0.168541
0.188655
0.163631
0.151623
0.162187
0.166318
0.166229
0.189611
0.143822
0.187526
0.169380
0.142710
0.192028
0.341915
0.015260
0.118472
0.165288
0.192151
0.142686
0.188853
0.144585
0.165681
0.186689
0.146108
0.169595
0.164268
0.192841
0.141143
0.166234
0.166679
0.166151
0.166741
0.167205
0.166993
0.166922
0.165962
0.166615
0.193066
0.165730
0.141887
0.188734
0.143297
0.166792
0.192997
0.162233
0.146013
0.191423
0.166891
0.142481
0.165254
0.165589
0.168320
0.192618
0.164846
0.147404
0.312471
0.389912
0.013870
0.014529
0.121230
0.142019
0.192326
0.166357
0.141766
0.167288
0.191764
0.141542
0.188042
0.144720
0.187791
0.144859
0.192651
0.161385
0.145881
0.168081
0.166602
0.165547
0.310292
0.056786
0.133841
0.191766
0.141734
0.188836
0.143955
0.168317
0.306206
0.169459
0.055837
0.134363
0.190755
0.162241
0.145507
0.192798
0.141458
0.167169
0.319613
0.345076
0.016064
0.026719
0.124582
0.166428
0.167823
0.165493
0.200407
0.150564
0.149014
0.170157
0.183618
0.149883
0.186555
0.143097
0.193818
0.165275
0.171624
0.150444
0.343222
0.014136
0.129091
0.189532
0.143093
0.166776
0.189621
0.143155
0.192811
0.147869
0.159065
0.167575
0.192688
0.162946
0.145278
0.165504
0.326526
0.042556
0.156710
0.168096
0.140504
0.165678
0.313435
0.245112
0.014006
0.093902
0.166971
0.192478
0.139989
0.174497
0.159359
0.193627
0.166550
0.166578
0.294131
0.388058
0.014141
0.013818
0.100238
0.187179
0.169005
0.141228
0.173660
0.185684
0.147749
0.157705
0.167454
0.166535
0.189695
0.171099
0.140395
0.191729
0.166714
0.142121
0.165896
0.195583
0.137986
0.189464
0.142653
0.189610
0.143984
0.166514
0.167169
0.166690
0.192957
0.166292
0.166796
0.174078
0.133062
0.167528
0.192920
0.140059
0.165531
0.316760
0.165602
0.068217
0.117476
0.165443
0.187391
0.147392
0.165319
0.192570
0.166731
0.141172
0.188888
0.143805
0.193239
0.139285
0.167114
0.180057
0.300600
0.235360
0.013938
0.249365
0.056187
0.133223
0.187960
0.168220
0.142703
0.194293
0.167970
0.138095
0.191362
0.169277
0.148656
0.156297
0.193361
0.140530
0.192453
0.168119
0.139690
0.167456
0.190409
0.142599
0.165563
0.168234
0.165220
0.193024
0.164923
0.158150
0.162916
0.182235
0.139106
0.192923
0.140610
0.166166
0.367912
0.013044
0.118961
0.190637
0.142610
0.167009
0.188709
0.171923
0.139792
0.188126
0.144484
0.192746
0.165075
0.169841
0.139815
0.188577
0.170433
0.141677
0.165135
0.357912
0.013940
0.154428
0.166335
0.142548
0.187659
0.292992
0.042911
0.164506
0.143350
0.187236
0.146533
0.166699
0.166775
0.192225
0.141919
0.165709
0.311895
0.055503
0.138455
0.183257
0.170603
0.140058
0.189235
0.146019
0.165133
0.166135
0.187821
0.146219
0.166957
0.166061
0.166515
0.192222
0.166789
0.142692
0.166614
0.164969
0.193274
0.169195
0.163741
0.140543
0.194040
0.138587
0.189258
0.146834
0.191630
0.160032
0.146060
0.192223
0.168578
0.168172
0.164007
0.140450
0.166462
0.194437
0.139506
0.314454
0.248219
0.014827
0.115368
0.164641
0.142630
0.188208
0.144545
0.194182
0.161780
0.143964
0.187161
0.146716
0.190596
0.162464
0.147593
0.191845
0.166709
0.163191
0.168803
0.143157
0.191332
0.142430
0.164677
0.315934
0.252078
0.014051
0.106835
0.145820
0.191822
0.166703
0.286847
0.052818
0.156148
0.170967
0.141268
0.199988
0.131864
0.194372
0.165487
0.142030
0.191143
0.142410
0.190742
0.147494
0.159939
0.190848
0.168776
0.165739
0.167504
0.166407
0.166354
0.141299
0.191917
0.157608
0.149390
0.167142
0.192467
0.165136
0.168699
0.163242
0.144199
0.166961
0.166125
0.190331
0.143362
0.354618
0.013993
0.158590
0.161792
0.144002
0.166650
0.189347
0.143969
0.166314
0.168375
0.164904
0.193785
0.163659
0.143262
0.192817
0.139795
0.194003
0.286105
0.054230
0.157331
0.167470
0.163398
0.171829
0.165635
0.167680
0.165002
0.167692
0.166505
0.139945
0.193682
0.165794
0.142026
0.193462
0.160846
0.144708
0.166426
0.189662
0.143489
0.166883
0.192811
0.166368
0.270345
0.071087
0.158446
0.166955
0.166921
0.275952
0.099137
0.124761
0.164714
0.142179
0.167179
0.193538
0.141031
0.166007
0.189342
0.170261
0.143202
0.188234
0.141464
0.192809
0.164660
0.144553
0.190308
0.141607
0.313811
0.225757
0.156457
0.013837
0.149540
0.166791
0.167769
0.166725
0.169901
0.161192
0.309311
0.288860
0.036647
0.067691
0.131669
0.166247
0.162951
0.145500
0.175368
0.156886
0.192749
0.285468
0.052723
0.158481
0.143736
0.191763
0.164973
0.171101
0.171078
0.161022
0.139793
0.167424
0.166028
0.167351
0.166312
0.293751
0.068993
0.340145
0.014125
0.138817
0.165864
0.279276
0.100867
0.128060
0.162437
0.140967
0.194456
0.163935
0.170525
0.159112
0.171563
0.289029
0.047137
0.297757
0.045315
0.289524
0.041651
0.280056
0.278893
0.058381
0.042748
0.158676
0.144582
0.166418
0.193900
0.141016
0.189762
0.181166
0.154393
0.168811
0.138507
0.188515
0.170406
0.162870
0.286213
0.171968
0.171049
0.217144
0.134855
0.030582
0.156435
0.143423
0.187406
0.144892
0.166051
0.166490
0.193821
0.169473
0.143838
0.186995
0.166267
0.167168
0.166506
0.166769
0.161866
0.144963
0.310057
0.189825
0.036822
0.286264
0.393479
0.014305
0.013265
0.089041
0.165923
0.167511
0.197049
0.161035
0.168186
0.166662
0.165540
0.141517
0.165941
0.178142
0.155606
0.168463
0.199426
0.159834
0.154263
0.151753
0.166600
0.193582
0.138875
0.194736
0.138834
0.166268
0.199398
0.137794
0.189943
0.166861
0.140426
0.176880
0.157491
0.187500
0.171076
0.165740
0.178142
0.155125
0.149522
0.160225
0.190905
0.167676
0.140451
0.189364
0.142303
0.168721
0.191540
0.169793
0.137422
0.166498
0.167848
0.187587
0.170861
0.166651
0.142156
0.164365
0.310897
0.061447
0.158013
0.137254
0.167606
0.165960
0.192249
0.140467
0.193804
0.161015
0.146402
0.337088
0.032545
0.130741
0.191561
0.167400
0.140832
0.190648
0.154631
0.154508
0.191501
0.142728
0.165966
0.165392
0.189393
0.149293
0.161431
0.192232
0.140744
0.193364
0.165746
0.143296
0.193404
0.164334
0.166725
0.167004
0.166021
0.141834
0.189036
0.143050
0.167213
0.191053
0.142997
0.166333
0.165365
0.167576
0.165804
0.371197
0.014066
0.140864
0.169520
0.165278
0.165881
0.163563
0.142668
0.168945
0.164800
0.166426
0.167831
0.164793
0.166919
0.167942
0.188101
0.144629
0.187991
0.170093
0.141790
0.188133
0.144881
0.166732
0.197442
0.139179
0.163566
0.168312
0.165016
0.193668
0.141312
0.166180
0.191592
0.141226
0.165811
0.194306
0.140291
0.188054
0.170515
0.142116
0.192019
0.165398
0.168033
0.165023
0.168073
0.165830
0.165350
0.168075
0.142093
0.190577
0.168381
0.140767
0.165470
0.193053
0.141205
0.166922
0.191626
0.142003
0.165795
0.167256
0.165376
0.192822
0.140346
0.167863
0.191687
0.167784
0.140614
0.189171
0.142522
0.167971
0.165354
0.188777
0.144894
0.190184
0.143207
0.193890
0.139487
0.166938
0.166711
0.193106
0.166834
0.140213
0.192709
0.166567
0.166373
0.168588
0.164791
0.141835
0.165642
0.193384
0.140836
0.188891
0.277116
0.096140
0.131741
0.140173
0.190797
0.140371
0.365898
0.014685
0.146743
0.165824
0.141714
0.165152
0.195281
0.140034
0.164453
0.168845
0.190553
0.167322
0.166522
0.140757
0.193610
0.139615
0.192683
0.344249
0.068097
0.261302
0.014092
0.120724
0.165340
0.166749
0.197605
0.136106
0.189434
0.171446
0.139751
0.509867
0.017206
0.026184
0.136119
0.169207
0.141756
0.190077
0.142154
0.188696
0.170903
0.166567
0.141249
0.166204
0.192442
0.166828
0.164348
0.167685
0.142397
0.192749
0.139213
0.167197
0.193209
0.166947
0.140889
0.192263
0.166420
0.141194
0.191210
0.168005
0.166506
0.519652
0.015396
0.029831
0.084401
0.157475
0.166868
0.165910
0.167452
0.168318
0.188345
0.169484
0.140763
0.191017
0.142973
0.165600
0.166523
0.195978
0.138196
0.193484
0.165337
0.141234
0.188662
0.144356
0.192525
0.140323
0.166459
0.173788
0.182893
0.144388
0.166688
0.169988
0.163261
0.167211
0.165153
0.188168
0.145185
0.166599
0.192264
0.142588
0.165263
0.195730
0.137539
0.167128
0.193177
0.139583
0.193076
0.174245
0.133312
0.193146
0.165671
0.140182
0.167077
0.193725
0.140572
0.167008
0.191718
0.140979
0.192225
0.170445
0.137509
0.202101
0.156836
0.141558
0.173461
0.158527
0.166878
0.166087
0.193069
0.142684
0.164651
0.167420
0.165679
0.193597
0.166101
0.141355
0.193295
0.140432
0.214329
0.145347
0.138462
0.167015
0.166265
0.168085
0.192861
0.162672
0.143810
0.192084
0.163628
0.145732
0.165892
0.166110
0.170822
0.163744
0.339068
0.032701
0.127495
0.188572
0.143739
0.168141
0.166563
0.165817
0.191923
0.164952
0.174098
0.135501
0.166203
0.166393
0.167096
0.168333
0.194580
0.138207
0.165717
0.200351
0.146835
0.153589
0.172499
0.160606
0.188780
0.145487
0.165836
0.201715
0.155948
0.142688
0.166319
0.188451
0.176027
0.161578
0.291212
0.109120
0.080910
0.159922
0.186145
0.289631
0.224198
0.013805
0.145231
0.169715
0.137475
0.190182
0.169573
0.140126
0.189012
0.171109
0.139853
0.192120
0.169686
0.137910
0.166259
0.194859
0.139342
0.166136
0.193179
0.141107
0.329892
0.246508
0.016206
0.273440
0.013991
0.129541
0.177093
0.171747
0.140657
0.189861
0.303049
0.052202
0.145121
0.169694
0.140380
0.181099
0.178052
0.141024
0.191962
0.169068
0.159021
0.145796
0.328140
0.153645
0.047083
0.163788
0.141239
0.192866
0.141359
0.166162
0.193728
0.173096
0.132889
0.188677
0.143998
0.168899
0.191473
0.165008
0.141595
0.167396
0.165644
0.187017
0.179523
0.159821
0.140802
0.194580
0.138919
0.166685
0.192399
0.142634
0.164643
0.193571
0.171683
0.134683
0.189088
0.147051
0.164180
0.188850
0.143627
0.167661
0.192630
0.346375
0.116308
0.047179
0.156515
0.142152
0.191261
0.140532
0.166436
0.190135
0.143543
0.174902
0.303587
0.274433
0.111519
0.041616
0.102374
0.158262
0.191989
0.141562
0.186530
