0.000031
0.244318
0.277855
0.249805
0.222675
0.277124
0.243673
0.255594
0.225275
0.249941
0.249207
0.268801
0.262569
0.247998
0.220354
0.270899
0.229579
0.249658
0.521547
0.108107
0.120483
0.249775
0.250739
0.249967
0.257382
0.250952
0.241113
0.250194
0.250596
0.509877
0.059034
0.186029
0.244610
0.275340
0.224300
0.276035
0.224080
0.249890
0.250671
0.283212
0.237851
0.228126
0.250656
0.256039
0.267498
0.278198
0.197593
0.250146
0.249727
0.250375
0.249469
0.276278
0.238070
0.236339
0.249663
0.250332
0.250366
0.297536
0.202749
0.249032
0.250191
0.249700
0.250630
0.249825
0.249237
0.262940
0.261568
0.225398
0.250787
0.249755
0.250196
0.249393
0.251173
0.276683
0.222393
0.250563
0.250390
0.375549
0.124580
0.251223
0.248241
0.248922
0.251443
0.249515
0.249197
0.250335
0.250144
0.249723
0.250769
0.248955
0.271033
0.255671
0.224043
0.272649
0.227015
0.277233
0.223297
0.249683
0.250065
0.249592
0.250377
0.249378
0.250939
0.260026
0.239359
0.250009
0.270875
0.249977
0.230189
0.275906
0.223369
0.265648
0.234512
0.249735
0.249782
0.250441
0.274784
0.224287
0.251230
0.249446
0.249749
0.249863
0.250832
0.275883
0.223466
0.250320
0.250482
0.249512
0.250725
0.248924
0.249328
0.277237
0.223971
0.249480
0.249964
0.276819
0.223294
0.275974
0.250233
0.229849
0.244149
0.250008
0.250207
0.251817
0.248806
0.253074
0.247303
0.275814
0.251318
0.221418
0.342161
0.158330
0.265180
0.235420
0.274754
0.224578
0.249885
0.249294
0.277683
0.249239
0.223756
0.275194
0.252073
0.248498
0.224017
0.276449
0.249736
0.224955
0.250309
0.250150
0.274892
0.249933
0.250642
0.249545
0.246534
0.253649
0.453460
0.051701
0.244534
0.224094
0.249859
0.275564
0.224411
0.250365
0.250025
0.275438
0.223818
0.276318
0.224341
0.249862
0.278128
0.247740
0.223712
0.275897
0.250029
0.250385
0.250028
0.223595
0.275900
0.249683
0.247446
0.254597
0.222541
0.276674
0.249424
0.224771
0.249200
0.276253
0.250860
0.248942
0.223506
0.275836
0.250748
0.223295
0.276101
0.250833
0.256276
0.445860
0.059929
0.237573
0.249931
0.224090
0.278192
0.248106
0.249800
0.253117
0.221084
0.249866
0.276681
0.249086
0.250607
0.249572
0.250054
0.250220
0.453648
0.226150
0.438636
0.013749
0.093316
0.274122
0.250148
0.254897
0.219557
0.474488
0.261306
0.436828
0.019038
0.211261
0.123577
0.251100
0.247998
0.250663
0.224441
0.274788
0.223754
0.276410
0.249259
0.249782
0.225873
0.274478
0.225208
0.274920
0.224138
0.276638
0.250021
0.249695
0.250008
0.250290
0.250339
0.249139
0.223626
0.275986
0.249398
0.250788
0.223902
0.276451
0.249767
0.249992
0.250945
0.224573
0.346968
0.177596
0.250452
0.224356
0.274582
0.250696
0.249146
0.250437
0.251417
0.249371
0.249187
0.479472
0.143669
0.127293
0.224813
0.275371
0.249029
0.250172
0.251491
0.249093
0.246823
0.227030
0.277531
0.222787
0.475698
0.254933
0.102057
0.192977
0.251511
0.248569
0.224324
0.248796
0.250349
0.250242
0.249577
0.276546
0.249237
0.224505
0.256316
0.243862
0.264300
0.235342
0.277905
0.257002
0.241123
0.251241
0.249773
0.225006
0.275994
0.249128
0.250602
0.248243
0.225972
0.274358
0.249578
0.246095
0.254250
0.247217
0.253655
0.246552
0.253550
0.249408
0.225607
0.261256
0.263467
0.250316
0.223358
0.275518
0.252176
0.248294
0.250056
0.249675
0.225348
0.275655
0.249038
0.251174
0.249374
0.248986
0.252462
0.247897
0.252271
0.248386
0.247498
0.251719
0.249968
0.250148
0.250467
0.225076
0.250569
0.247608
0.250058
0.276713
0.251118
0.223052
0.276003
0.249747
0.250081
0.250297
0.249803
0.249212
0.224698
0.275026
0.251889
0.223818
0.274679
0.250191
0.223705
0.277021
0.250548
0.248136
0.251211
0.249248
0.250509
0.240166
0.233887
0.275676
0.250682
0.249645
0.252660
0.461540
0.257125
0.186512
0.096941
0.464567
0.510686
0.016169
0.017799
0.235422
0.250503
0.249134
0.224493
0.254381
0.246316
0.274980
0.227412
0.248017
0.274313
0.224442
0.250747
0.249328
0.277001
0.249979
0.250077
0.263703
0.235749
0.249383
0.224657
0.275759
0.224400
0.275325
0.225181
0.275122
0.224370
0.275936
0.244094
0.229279
0.275668
0.247336
0.227974
0.275050
0.225142
0.275096
0.250224
0.248172
0.224932
0.277498
0.254404
0.219643
0.250894
0.249757
0.274707
0.223616
0.250360
0.275489
0.456336
0.068183
0.226014
0.248813
0.225402
0.249476
0.250082
0.275818
0.250637
0.249050
0.250918
0.250309
0.249943
0.249872
0.247945
0.250808
0.249501
0.250387
0.251728
0.250081
0.249310
0.250409
0.496444
0.013990
0.240818
0.247357
0.251332
0.249030
0.251341
0.249126
0.250428
0.224847
0.275379
0.224583
0.249244
0.276164
0.249450
0.249683
0.250812
0.244951
0.253751
0.249500
0.251354
0.250354
0.250580
0.248077
0.251124
0.225229
0.274748
0.256016
0.244510
0.224598
0.249018
0.274988
0.250280
0.250635
0.250337
0.248109
0.225443
0.271254
0.262589
0.241793
0.223952
0.274772
0.226289
0.249126
0.277524
0.249174
0.249833
0.224176
0.249059
0.250623
0.249853
0.271023
0.229438
0.249624
0.255819
0.269343
0.249845
0.224734
0.272242
0.228542
0.274425
0.251693
0.250854
0.247198
0.251111
0.223929
0.249980
0.491353
0.207896
0.120779
0.180084
0.482924
0.103652
0.190215
0.223884
0.274920
0.251864
0.244195
0.253379
0.250264
0.251355
0.224444
0.275810
0.248115
0.251797
0.223127
0.250091
0.249773
0.249745
0.250387
0.249500
0.259611
0.262785
0.227990
0.250058
0.249757
0.275385
0.254765
0.220193
0.276134
0.245908
0.254109
0.224548
0.250114
0.272548
0.236774
0.240258
0.274567
0.497746
0.014102
0.213412
0.249527
0.250864
0.249595
0.536508
0.013097
0.199949
0.250484
0.285008
0.502372
0.013936
0.224042
0.251175
0.249891
0.249982
0.256540
0.245168
0.468127
0.258957
0.066238
0.178506
0.533666
0.014482
0.202922
0.497706
0.041731
0.497072
0.013925
0.222756
0.249767
0.250397
0.253464
0.247594
0.460293
0.261257
0.042425
0.442911
0.044661
0.257250
0.241838
0.250263
0.249628
0.252367
0.245847
0.250238
0.460309
0.305772
0.013740
0.220208
0.252173
0.252310
0.221077
0.278256
0.246309
0.468062
0.371353
0.014627
0.150473
0.245112
0.226106
0.249452
0.249688
0.250966
0.249469
0.249905
0.249727
0.250441
0.249792
0.249619
0.275449
0.509226
0.014142
0.229176
0.248937
0.252561
0.220316
0.250199
0.250585
0.250429
0.251118
0.275319
0.249880
0.458442
0.108226
0.180673
0.225995
0.276161
0.248008
0.253514
0.251219
0.222193
0.275471
0.250925
0.222196
0.250364
0.534842
0.014691
0.227543
0.223283
0.280839
0.218357
0.250329
0.270306
0.229808
0.276715
0.250813
0.223497
0.275812
0.249329
0.229998
0.265745
0.257833
0.250554
0.249210
0.250994
0.243140
0.253789
0.246802
0.249807
0.250763
0.225389
0.250737
0.273869
0.249498
0.225349
0.249933
0.276548
0.249742
0.455979
0.044282
0.249969
0.225450
0.248469
0.281355
0.248361
0.247008
0.247870
0.226003
0.249204
0.274593
0.225540
0.249684
0.250514
0.250030
0.273884
0.226851
0.249520
0.276550
0.254084
0.449801
0.053406
0.239683
0.477319
0.040851
0.208863
0.273018
0.253157
0.246432
0.225998
0.250706
0.273223
0.226464
0.284455
0.469399
0.103031
0.382847
0.255963
0.099267
0.180598
0.248828
0.249546
0.252428
0.224415
0.249886
0.484011
0.075795
0.213923
0.226034
0.563465
0.219518
0.013616
0.203462
0.276579
0.246336
0.226599
0.249646
0.277063
0.247086
0.225742
0.250568
0.249787
0.540421
0.014767
0.196455
0.275055
0.225030
0.272396
0.225866
0.249993
0.250620
0.248957
0.250433
0.250771
0.249149
0.251645
0.248370
0.268641
0.237000
0.270580
0.248118
0.225755
0.249980
0.536208
0.013941
0.224036
0.225538
0.277637
0.246833
0.512413
0.014141
0.477694
0.013670
0.233140
0.460201
0.268416
0.027014
0.220075
0.250069
0.250007
0.250696
0.249548
0.275475
0.250176
0.223648
0.249490
0.250212
0.284054
0.239507
0.252729
0.251074
0.249126
0.247394
0.228307
0.274786
0.249240
0.249249
0.503433
0.013921
0.229301
0.251526
0.250021
0.227673
0.273043
0.249333
0.226767
0.530249
0.014195
0.205196
0.270107
0.230898
0.249849
0.276287
0.223604
0.274593
0.245997
0.229488
0.249745
0.249692
0.273176
0.250395
0.226869
0.249168
0.274397
0.252171
0.250519
0.249753
0.507295
0.013508
0.201609
0.251136
0.272876
0.265022
0.213094
0.273985
0.250613
0.251313
0.249369
0.223847
0.274528
0.252144
0.246429
0.252135
0.247859
0.248103
0.251897
0.226816
0.279086
0.247169
0.246315
0.253471
0.223239
0.273417
0.227286
0.273474
0.225958
0.254601
0.245813
0.275785
0.247423
0.226651
0.249597
0.273780
0.250696
0.249114
0.250234
0.227709
0.275136
0.247186
0.250140
0.249841
0.227514
0.272491
0.227120
0.276343
0.248846
0.224403
0.250186
0.249890
0.249515
0.275224
0.224790
0.250149
0.250493
0.272969
0.250157
0.253638
0.248022
0.224598
0.497745
0.384074
0.014019
0.127604
0.253679
0.224863
0.274733
0.246544
0.253139
0.249970
0.250588
0.258169
0.243033
0.245723
0.226886
0.249335
0.250354
0.273964
0.225988
0.249660
0.249886
0.276910
0.223058
0.251230
0.638694
0.014024
0.119555
0.252567
0.224623
0.273088
0.249784
0.255442
0.248305
0.510067
0.014704
0.221622
0.226740
0.276282
0.250660
0.249793
0.245840
0.237341
0.239410
0.273497
0.254551
0.506919
0.014353
0.227625
0.246427
0.227812
0.275051
0.246992
0.250420
0.253251
0.225472
0.271160
0.250239
0.228316
0.272198
0.226061
0.273148
0.227087
0.249627
0.250021
0.277372
0.223704
0.274439
0.224610
0.276526
0.247141
0.253209
0.248311
0.252065
0.249632
0.250744
0.222843
0.250324
0.272339
0.227599
0.278303
0.247120
0.247772
0.253667
0.245123
0.251811
0.249443
0.226321
0.272839
0.250488
0.253419
0.222854
0.273809
0.275415
0.227515
0.224939
0.271245
0.227739
0.272930
0.226880
0.271442
0.228184
0.250458
0.249664
0.273157
0.510763
0.013382
0.202594
0.276521
0.225062
0.275022
0.226601
0.268331
0.228370
0.254924
0.269228
0.226073
0.284146
0.215571
0.250641
0.275564
0.223234
0.251139
0.272515
0.228423
0.272678
0.226221
0.249828
0.256420
0.266882
0.250321
0.226230
0.250404
0.272625
0.227136
0.250618
0.276334
0.249817
0.224626
0.271908
0.226569
0.277090
0.249925
0.250359
0.222722
0.277983
0.248498
0.225418
0.271068
0.227438
0.274130
0.251602
0.242862
0.231609
0.276013
0.224386
0.271684
0.250588
0.457279
0.288134
0.014166
0.244385
0.245903
0.226969
0.268497
0.258655
0.245548
0.249950
0.227497
0.250612
0.272870
0.250438
0.226072
0.249728
0.278856
0.244759
0.249249
0.504505
0.013597
0.210862
0.278777
0.220038
0.273509
0.253560
0.249231
0.249673
0.223632
0.276983
0.224068
0.250626
0.248353
0.277109
0.246171
0.249307
0.254627
0.247910
0.247046
0.254563
0.249878
0.246928
0.253064
0.245818
0.257930
0.241850
0.255695
0.249927
0.244926
0.227229
0.272507
0.251579
0.225913
0.249518
0.277369
0.245654
0.227688
0.250394
0.276425
0.245660
0.254309
0.250602
0.244902
0.230960
0.247367
0.277670
0.221502
0.259604
0.240107
0.256140
0.244267
0.250328
0.249575
0.249845
0.250264
0.525037
0.013865
0.211708
0.249226
0.493521
0.257307
0.029773
0.222094
0.274235
0.250389
0.249334
0.250340
0.456858
0.145396
0.147771
0.245317
0.250622
0.227216
0.249709
0.250531
0.249474
0.489848
0.304517
0.014011
0.192162
0.250545
0.482306
0.228518
0.291143
0.036076
0.237640
0.250050
0.249754
0.223659
0.536924
0.170065
0.217537
0.078330
0.270195
0.261451
0.241356
0.224666
0.276453
0.249394
0.223377
0.250275
0.272624
0.257397
0.246200
0.223514
0.251618
0.271141
0.228923
0.250607
0.249301
0.271353
0.227570
0.249792
0.249592
0.277936
0.249285
0.251174
0.244871
0.227823
0.461933
0.081270
0.206775
0.285041
0.214286
0.272250
0.228153
0.276486
0.245953
0.249395
0.255059
0.244458
0.509640
0.013838
0.206336
0.250429
0.274425
0.246027
0.228160
0.271385
0.250163
0.233764
0.244879
0.284834
0.500748
0.013506
0.226719
0.245388
0.255822
0.249027
0.224740
0.275053
0.252482
0.242866
0.253419
0.246482
0.249759
0.249946
0.228888
0.249559
0.272410
0.251267
0.229983
0.270258
0.232544
0.244024
0.250932
0.283552
0.216742
0.270544
0.255582
0.244122
0.255498
0.224290
0.302577
0.195558
0.256553
0.269917
0.251603
0.223889
0.249292
0.270702
0.228496
0.250930
0.248456
0.250512
0.249492
0.272071
0.229091
0.249438
0.249773
0.249861
0.250482
0.249598
0.249807
0.278729
0.247454
0.223921
0.253021
0.496481
0.018008
0.233865
0.275926
0.244698
0.255509
0.223583
0.274609
0.225544
0.248898
0.250007
0.276046
0.250488
0.251196
0.248935
0.224706
0.249013
0.249718
0.250365
0.254684
0.246449
0.248541
0.249582
0.251829
0.248417
0.249224
0.252446
0.270860
0.249492
0.250953
0.228563
0.272395
0.228121
0.270613
0.228795
0.249797
0.250104
0.298941
0.200287
0.251051
0.266435
0.233447
0.248491
0.262188
0.259816
0.249776
0.250464
0.416420
0.222879
0.116130
0.223690
0.249374
0.250550
0.270739
0.227972
0.251131
0.250469
0.251803
0.246715
0.250428
0.249539
0.251317
0.254412
0.244408
0.251324
0.249608
0.249766
0.250053
0.297510
0.203617
0.488371
0.051270
0.208267
0.251810
0.249923
0.248144
0.250513
0.250875
0.252035
0.247314
0.271800
0.254092
0.224203
0.250793
0.270328
0.257828
0.247817
0.223701
0.250233
0.250876
0.249989
0.248927
0.248775
0.250641
0.251596
0.247606
0.250492
0.249735
0.250954
0.250815
0.269890
0.229453
0.284898
0.235370
0.236498
0.242386
0.251207
0.249410
0.253734
0.257800
0.259275
0.249886
0.253539
0.226159
0.253361
0.268399
0.228237
0.249571
0.250421
0.250614
0.249261
0.250361
0.249489
0.250400
0.248957
0.251532
0.248441
0.276430
0.470803
0.035320
0.218090
0.250126
0.270492
0.229455
0.249675
0.250264
0.275551
0.223547
0.252421
0.275141
0.223448
0.274113
0.225798
0.288211
0.211337
0.262387
0.476162
0.059012
0.202852
0.252558
0.247860
0.248855
0.271184
0.229620
0.249311
0.249923
0.270705
0.256179
0.223654
0.276613
0.223685
0.270294
0.229818
0.249775
0.270193
0.523589
0.014281
0.191521
0.276726
0.224325
0.275865
0.223871
0.249609
0.249375
0.250503
0.249051
0.251026
0.249696
0.250162
0.250644
0.296391
0.202571
0.250346
0.250397
0.276876
0.256179
0.217251
0.249642
0.270054
0.231255
0.248528
0.249955
0.249359
0.250407
0.296622
0.203368
0.249542
0.251037
0.249408
0.250824
0.259379
0.262819
0.250059
0.227549
0.270178
0.229062
0.271842
0.228284
0.276064
0.251190
0.242888
0.230157
0.250245
0.250755
0.249965
0.248962
0.250134
0.249774
0.250094
0.250574
0.249337
0.249797
0.249420
0.250570
0.271104
0.228989
0.281833
0.218204
0.249991
0.250775
0.249338
0.274922
0.224978
0.249916
0.250000
0.249550
0.255231
0.245928
0.249100
0.250558
0.249304
0.250295
0.249520
0.250916
0.248983
0.276997
0.224075
0.249433
0.276648
0.224392
0.248953
0.256147
0.243874
0.250076
0.249765
0.250022
0.276557
0.223410
0.249914
0.250633
0.249308
0.278870
0.226616
0.245222
0.275940
0.223663
0.252435
0.246743
0.258522
0.253103
0.239229
0.249739
0.276692
0.224159
0.274040
0.224989
0.277199
0.223285
0.249667
0.276991
0.223432
0.250431
0.250448
0.250092
0.269088
0.256442
0.223543
0.269681
0.230182
0.250563
0.275543
0.223644
0.250083
0.250263
0.255776
0.269978
0.251332
0.245340
0.254118
0.255833
0.244277
0.224399
0.250565
0.252624
0.246378
0.275189
0.251006
0.249084
0.249761
0.250713
0.250137
0.462102
0.127510
0.160141
0.249767
0.249963
0.224099
0.276672
0.506727
0.014681
0.227996
0.255276
0.218048
0.251608
0.249200
0.249277
0.250349
0.250137
0.249455
0.279703
0.248781
0.222184
0.276278
0.233374
0.266624
0.223788
0.276689
0.249588
0.243912
0.234733
0.267007
0.227675
0.249976
0.276236
0.506255
0.013834
0.230600
0.249652
0.250656
0.223999
0.258300
0.240810
0.249504
0.250591
0.276309
0.249360
0.251481
0.247435
0.451522
0.066804
0.233645
0.249650
0.247652
0.225970
0.276559
0.249994
0.250331
0.249788
0.224812
0.248982
0.249510
0.276321
0.250341
0.250280
0.249360
0.222994
0.277042
0.249611
0.250379
0.248031
0.225456
0.250940
0.275875
0.250144
0.249447
0.223888
0.276613
0.222930
0.250342
0.250370
0.249949
0.276227
0.250246
0.453837
0.083791
0.412040
0.060385
0.239178
0.250722
0.245562
0.227731
0.250081
0.500778
0.035874
0.213526
0.249028
0.346791
0.180500
0.249938
0.250867
0.223595
0.248761
0.249929
0.250519
0.276208
0.249889
0.223723
0.249877
0.262990
0.263930
0.507446
0.013883
0.228118
0.250185
0.249930
0.462107
0.296781
0.014052
0.228437
0.222793
0.275478
0.250644
0.245953
0.228122
0.275749
0.249979
0.250643
0.457268
0.065536
0.227280
0.248900
0.250935
0.473425
0.032505
0.245318
0.247834
0.251251
0.248175
0.507310
0.014604
0.203869
0.274760
0.249410
0.250350
0.250781
0.249485
0.225119
0.275091
0.467105
0.199312
0.453414
0.013937
0.115870
0.250857
0.250149
0.249200
0.233086
0.240590
0.249667
0.277040
0.223500
0.249768
0.524236
0.014428
0.237854
0.249550
0.455611
0.046528
0.247725
0.250714
0.249356
0.250153
0.225033
0.251066
0.536619
0.013646
0.224327
0.249736
0.223921
0.275982
0.223784
0.249613
0.283589
0.248347
0.247349
0.220546
0.277942
0.446810
0.310525
0.014524
0.226358
0.251046
0.249908
0.245075
0.254848
0.249631
0.254028
0.246096
0.249903
0.250445
0.249629
0.224191
0.248880
0.277678
0.249840
0.250191
0.469526
0.280551
0.013995
0.210306
0.249675
0.275060
0.249873
0.255792
0.244468
0.244756
0.229373
0.249091
0.250139
0.459313
0.076692
0.215836
0.273891
0.225553
0.276844
0.248898
0.224345
0.277481
0.247374
0.456657
0.044937
0.245672
0.249959
0.252785
0.249056
0.250428
0.249748
0.251063
0.458770
0.364209
0.013759
0.158645
0.254703
0.459985
0.312227
0.013796
0.215347
0.223455
0.274936
0.225669
0.274312
0.488175
0.030033
0.206168
0.276498
0.249396
0.250866
0.224224
0.274032
0.446080
0.159089
0.120134
0.275042
0.456347
0.046197
0.247390
0.479505
0.135051
0.110911
0.249660
0.274954
0.250880
0.250305
0.250545
0.223662
0.274139
0.250810
0.249369
0.250381
0.251238
0.248866
0.251125
0.223202
0.250034
0.276181
0.504708
0.014167
0.229996
0.256729
0.243914
0.225223
0.250118
0.275132
0.250574
0.222997
0.277780
0.462371
0.255327
0.302222
0.014631
0.214974
0.249552
0.518783
0.036243
0.202560
0.242137
0.252350
0.221741
0.276067
0.251071
0.247546
0.250598
0.255621
0.453302
0.099758
0.190398
0.225006
0.249688
0.275245
0.250981
0.224186
0.280298
0.245647
0.225038
0.250819
0.248132
0.276730
0.249223
0.250983
0.249895
0.249710
0.250508
0.249507
0.247170
0.231324
0.269825
0.437937
0.074250
0.243330
0.221803
0.271760
0.226510
0.275601
0.250045
0.250340
0.248287
0.251265
0.248886
0.513522
0.014498
0.222276
0.224969
0.478379
0.055396
0.241418
0.250620
0.229239
0.244512
0.491752
0.194320
0.103715
0.487293
0.013577
0.489171
0.013644
0.233272
0.246171
0.253112
0.224006
0.277292
0.249345
0.251332
0.248378
0.250490
0.249864
0.253800
0.247189
0.247508
0.484242
0.030263
0.211529
0.275851
0.249238
0.251127
0.223495
0.275878
0.248358
0.251222
0.225363
0.489612
0.310733
0.014192
0.209455
0.250641
0.251056
0.458983
0.109169
0.179543
0.251665
0.224892
0.273459
0.437030
0.072117
0.241201
0.249663
0.226128
0.273499
0.226006
0.250065
0.250012
0.271761
0.254845
0.249229
0.250373
0.250223
0.249496
0.249775
0.252905
0.466321
0.250115
0.103187
0.182494
0.245047
0.251149
0.249408
0.249105
0.251292
0.249150
0.472404
0.040072
0.237306
0.248374
0.225436
0.275928
0.248530
0.225247
0.273612
0.254544
0.222207
0.250357
0.249380
0.250800
0.250351
0.275573
0.248480
0.250486
0.251866
0.494724
0.013837
0.241330
0.224233
0.275683
0.247309
0.225927
0.521397
0.013906
0.245872
0.246306
0.248566
0.251186
0.248744
0.225359
0.277201
0.248103
0.250889
0.249092
0.223833
0.484037
0.307958
0.014787
0.192816
0.250162
0.271267
0.252908
0.249730
0.225547
0.250216
0.286697
0.214243
0.249755
0.554312
0.013640
0.181133
0.272252
0.257405
0.221033
0.278759
0.247179
0.252646
0.250453
0.246482
0.224242
0.271655
0.254205
0.248221
0.225319
0.280556
0.220422
0.249114
0.251992
0.247781
0.279959
0.219903
0.274807
0.225725
0.275889
0.250278
0.250889
0.223713
0.251400
0.276341
0.223014
0.534264
0.014476
0.200500
0.249143
0.282669
0.217611
0.278761
0.246004
0.225079
0.250025
0.276236
0.224389
0.276342
0.223568
0.281567
0.238444
0.256434
0.247790
0.225680
0.250016
0.270972
0.254716
0.223621
0.250217
0.273668
0.226059
0.250077
0.277658
0.222390
0.251089
0.280898
0.250218
0.244745
0.250088
0.254767
0.245052
0.223868
0.284429
0.241964
0.224732
0.274115
0.251214
0.246984
0.260267
0.240279
0.225115
0.277272
0.451370
0.264699
0.052020
0.206461
0.275466
0.223408
0.273991
0.227133
0.280778
0.217962
0.277614
0.508993
0.013866
0.200126
0.481165
0.048869
0.248357
0.221060
0.249540
0.276717
0.225420
0.248159
0.275614
0.224865
0.252692
0.270935
0.226073
0.282545
0.244078
0.246962
0.226749
0.283543
0.239921
0.249942
0.227568
0.275532
0.439143
0.077276
0.230368
0.252053
0.252078
0.538899
0.014078
0.195269
0.246006
0.229330
0.248994
0.276462
0.246893
0.512645
0.014817
0.222760
0.226558
0.249776
0.251014
0.275020
0.224100
0.273774
0.251578
0.506083
0.014365
0.225360
0.261406
0.217753
0.249380
0.273588
0.252328
0.248302
0.438450
0.067283
0.479263
0.030953
0.209683
0.276251
0.248460
0.251056
0.250230
0.224165
0.249231
0.251279
0.249774
0.249163
0.250239
0.249823
0.250534
0.274025
