0.201492
0.156787
0.161187
0.169899
0.159855
0.142228
0.187996
0.285239
0.053486
0.131554
0.163176
0.193965
0.163367
0.162423
0.164379
0.163663
0.139517
0.187457
0.161745
0.335092
0.013909
0.123923
0.188567
0.165351
0.138259
0.163576
0.190488
0.162215
0.341385
0.014209
0.119002
0.182655
0.167661
0.162969
0.172363
0.159139
0.162081
0.137544
0.163822
0.187603
0.140770
0.186493
0.142017
0.188036
0.141094
0.190426
0.138240
0.164778
0.187774
0.140071
0.187373
0.140914
0.307138
0.052781
0.159420
0.160327
0.168750
0.136747
0.165106
0.190146
0.139506
0.188323
0.138968
0.192918
0.162906
0.138019
0.163902
0.186352
0.141917
0.190906
0.163752
0.166227
0.156695
0.170603
0.138797
0.163097
0.190797
0.163245
0.138059
0.191472
0.137734
0.164285
0.164648
0.191214
0.163060
0.284061
0.180196
0.041029
0.126535
0.190447
0.164471
0.341781
0.110701
0.183114
0.152671
0.116913
0.270837
0.111449
0.038710
0.148444
0.141491
0.164596
0.165284
0.189064
0.139292
0.162969
0.309585
0.051592
0.155370
0.140677
0.191062
0.164811
0.136961
0.164199
0.190529
0.138004
0.185984
0.167452
0.165657
0.138862
0.188600
0.166185
0.163634
0.137555
0.164630
0.187462
0.167526
0.158751
0.170298
0.337059
0.014295
0.115286
0.351830
0.013907
0.152224
0.164911
0.162072
0.144202
0.310434
0.179096
0.030636
0.159487
0.163865
0.137930
0.190388
0.168165
0.160889
0.159186
0.165372
0.141612
0.164521
0.164732
0.169982
0.355346
0.013136
0.118088
0.190450
0.164285
0.139230
0.189773
0.159618
0.339375
0.014072
0.117582
0.188179
0.166875
0.162882
0.165038
0.164297
0.160903
0.141456
0.188546
0.166382
0.163935
0.143801
0.187145
0.162976
0.137333
0.188229
0.141315
0.189491
0.163258
0.138347
0.187825
0.140707
0.195683
0.366647
0.014164
0.106884
0.164610
0.161314
0.140338
0.187659
0.141157
0.190653
0.160379
0.169923
0.136053
0.192516
0.162371
0.163878
0.163936
0.161928
0.141157
0.164524
0.163825
0.195117
0.163971
0.133473
0.192014
0.167490
0.281195
0.249179
0.135079
0.013948
0.137591
0.160999
0.166635
0.164628
0.139459
0.163592
0.200995
0.153460
0.164538
0.137795
0.190158
0.139525
0.163168
0.203525
0.156229
0.155609
0.141123
0.182839
0.145585
0.164747
0.163715
0.164520
0.321358
0.227468
0.014195
0.096172
0.163836
0.188433
0.336164
0.013720
0.199270
0.235645
0.174642
0.149812
0.243559
0.014038
0.109074
0.140460
0.306083
0.061425
0.151104
0.140277
0.188543
0.160923
0.162063
0.169741
0.164255
0.164310
0.139043
0.163439
0.188258
0.141485
0.187669
0.161241
0.143967
0.188894
0.158319
0.169678
0.139791
0.360765
0.013357
0.117172
0.163963
0.190214
0.164784
0.163851
0.163896
0.162875
0.140427
0.189991
0.138882
0.192799
0.156865
0.168147
0.161563
0.167590
0.163924
0.138917
0.188857
0.174720
0.128286
0.164184
0.163894
0.164882
0.164947
0.359962
0.013718
0.144139
0.138761
0.163897
0.194265
0.135436
0.188576
0.139230
0.190032
0.165109
0.137226
0.163246
0.190694
0.164224
0.160519
0.142006
0.163804
0.164948
0.363244
0.013672
0.142063
0.163986
0.164207
0.163768
0.139262
0.189973
0.292568
0.044955
0.129566
0.162907
0.163943
0.165768
0.188760
0.145007
0.186275
0.159873
0.142511
0.187540
0.160416
0.168848
0.161438
0.166803
0.167448
0.387375
0.019299
0.551857
0.016549
0.014463
0.129353
0.031008
0.160574
0.163750
0.160774
0.167804
0.164716
0.138732
0.163255
0.185519
0.142851
0.190221
0.139151
0.162975
0.164555
0.188725
0.139711
0.370257
0.015451
0.131988
0.285786
0.094875
0.113342
0.164694
0.137871
0.186654
0.141001
0.191428
0.138315
0.189951
0.137712
0.361172
0.014027
0.117628
0.189686
0.139636
0.188770
0.165311
0.167442
0.159959
0.138400
0.163776
0.187893
0.140419
0.194812
0.134518
0.163710
0.165834
0.162068
0.164247
0.191142
0.161063
0.161162
0.168190
0.139676
0.190321
0.164178
0.173468
0.152585
0.141545
0.190158
0.163031
0.164528
0.164655
0.139348
0.163417
0.169028
0.311552
0.067901
0.250317
0.055848
0.130566
0.185249
0.142028
0.188642
0.140131
0.190983
0.161533
0.148971
0.155154
0.193046
0.160961
0.164519
0.138242
0.188768
0.166928
0.165826
0.138000
0.162906
0.162976
0.188358
0.139895
0.166102
0.162200
0.186958
0.141722
0.190422
0.139251
0.304724
0.053031
0.164068
0.159710
0.164990
0.163398
0.139607
0.189655
0.139038
0.189477
0.163291
0.138547
0.163775
0.186520
0.167682
0.139729
0.197057
0.130490
0.164244
0.163903
0.186138
0.168621
0.164703
0.157201
0.145422
0.395389
0.013469
0.104321
0.176984
0.155733
0.138396
0.190474
0.159468
0.142097
0.167938
0.186707
0.164235
0.139036
0.163340
0.190816
0.159304
0.170655
0.136199
0.189920
0.139426
0.188896
0.165301
0.160507
0.167281
0.139237
0.162451
0.189757
0.165617
0.163834
0.163501
0.349086
0.099640
0.186536
0.029888
0.156347
0.163843
0.138901
0.163808
0.191701
0.136567
0.312588
0.150774
0.453015
0.018417
0.020304
0.572918
0.014471
0.014169
0.017642
0.100360
0.131278
0.190489
0.138495
0.185532
0.162045
0.144921
0.188117
0.161709
0.142662
0.163792
0.190803
0.163858
0.139098
0.189328
0.139217
0.188486
0.164445
0.138724
0.361824
0.013165
0.116895
0.185728
0.164077
0.168778
0.139690
0.188771
0.139044
0.191050
0.159647
0.141229
0.190294
0.139229
0.162650
0.191277
0.266467
0.072237
0.147584
0.143598
0.163804
0.165422
0.186049
0.167749
0.164525
0.138571
0.163409
0.190592
0.138370
0.163528
0.163375
0.198987
0.131010
0.162365
0.164066
0.191927
0.162704
0.138713
0.164045
0.191121
0.324644
0.014199
0.154161
0.162519
0.139429
0.184547
0.169275
0.139050
0.188236
0.165501
0.138454
0.163983
0.189068
0.138367
0.164552
0.190149
0.139898
0.188250
0.138013
0.164311
0.164383
0.163912
0.164606
0.163819
0.190356
0.160959
0.141922
0.187698
0.166314
0.163995
0.160225
0.142864
0.183714
0.144492
0.190051
0.164038
0.164543
0.138172
0.163377
0.164144
0.185595
0.144110
0.183986
0.169354
0.163677
0.138813
0.190013
0.163926
0.163996
0.161378
0.167222
0.158264
0.177074
0.155877
0.168187
0.160767
0.165166
0.137286
0.164343
0.185381
0.144206
0.189897
0.137817
0.163906
0.163899
0.355905
0.014154
0.123311
0.189510
0.138444
0.190018
0.163812
0.138001
0.294400
0.075537
0.146536
0.141707
0.162503
0.164552
0.189758
0.138735
0.185356
0.176416
0.158877
0.160169
0.162941
0.141003
0.304815
0.053604
0.158965
0.139245
0.321212
0.044221
0.138360
0.177495
0.161181
0.170643
0.162359
0.138007
0.197910
0.130608
0.163536
0.164131
0.188001
0.140303
0.164362
0.193434
0.156415
0.142714
0.191194
0.160907
0.173958
0.131521
0.189222
0.164316
0.164304
0.166500
0.136254
0.197166
0.156279
0.137910
0.164284
0.196310
0.131890
0.165534
0.189587
0.139266
0.162054
0.187876
0.140731
0.190161
0.165530
0.137079
0.163900
0.164274
0.164102
0.198840
0.155664
0.167556
0.160538
0.138233
0.164493
0.163273
0.191597
0.137539
0.191516
0.136555
0.163708
0.164103
0.187194
0.164080
0.172852
0.160791
0.157340
0.143053
0.185914
0.142413
0.186968
0.161181
0.169992
0.139750
0.188558
0.165861
0.137854
0.189306
0.138481
0.190720
0.137121
0.190134
0.137704
0.189476
0.167345
0.158690
0.141328
0.190046
0.161922
0.166115
0.139582
0.188926
0.163994
0.138115
0.164216
0.184886
0.143111
0.191059
0.164653
0.137254
0.163741
0.188263
0.140001
0.194038
0.161722
0.162356
0.138807
0.163922
0.165697
0.177322
0.366668
0.014168
0.124580
0.138179
0.162175
0.164334
0.188585
0.139873
0.375525
0.040340
0.079129
0.197483
0.128709
0.189698
0.138685
0.190290
0.159274
0.354960
0.013723
0.128836
0.163099
0.139432
0.162881
0.189367
0.139118
0.190347
0.138364
0.163386
0.163477
0.190907
0.137828
0.191266
0.166605
0.144534
0.179692
0.164509
0.164549
0.164229
0.138855
0.192724
0.134684
0.190656
0.138302
0.183918
0.167702
0.141323
0.189327
0.163379
0.138112
0.190822
0.138745
0.163430
0.190557
0.163293
0.161741
0.140997
0.163747
0.186031
0.142305
0.191932
0.136418
0.186396
0.141728
0.187899
0.140379
0.352698
0.013755
0.126626
0.163363
0.186586
0.167907
0.139628
0.163060
0.188071
0.141019
0.162635
0.361378
0.013840
0.149704
0.132224
0.163618
0.163898
0.193748
0.135719
0.189134
0.163847
0.279249
0.057943
0.156280
0.138094
0.188724
0.140107
0.188100
0.138602
0.190007
0.164903
0.138759
0.189224
0.337318
0.013787
0.115090
0.163996
0.188784
0.170139
0.156953
0.140927
0.163748
0.188529
0.145701
0.183988
0.164584
0.163871
0.165267
0.137562
0.193527
0.156606
0.168545
0.163365
0.138647
0.190222
0.163525
0.164165
0.161200
0.167608
0.286064
0.175868
0.033579
0.165105
0.159228
0.165749
0.137156
0.163344
0.164470
0.189755
0.138006
0.164693
0.188021
0.140114
0.189805
0.166424
0.162675
0.160255
0.177721
0.127524
0.163820
0.190889
0.164181
0.138475
0.163738
0.309040
0.047839
0.134915
0.164490
0.163908
0.185919
0.167858
0.164617
0.164193
0.138973
0.163585
0.194363
0.159422
0.138334
0.187239
0.166414
0.139716
0.189462
0.163438
0.163755
0.139339
0.311141
0.058521
0.123353
0.162941
0.190167
0.162053
0.169353
0.160976
0.163789
0.164717
0.138463
0.163559
0.189973
0.159831
0.168387
0.160812
0.168145
0.163285
0.373440
0.014585
0.084326
0.184623
0.164765
0.137681
0.190229
0.159286
0.142105
0.308596
0.047498
0.278538
0.060305
0.152764
0.162955
0.140372
0.188482
0.138525
0.360617
0.014042
0.142737
0.163857
0.137755
0.190909
0.138151
0.189879
0.158425
0.143358
0.163919
0.192372
0.137511
0.186143
0.166840
0.137952
0.190915
0.165407
0.163861
0.165021
0.136080
0.164343
0.162898
0.187411
0.141252
0.296001
0.365015
0.016288
0.144079
0.038218
0.152005
0.161241
0.166051
0.139679
0.162219
0.185097
0.169580
0.163719
0.139066
0.189136
0.151242
0.171827
0.175487
0.133397
0.192977
0.159897
0.163637
0.138022
0.167279
0.188361
0.138602
0.189053
0.169172
0.133110
0.184914
0.143990
0.162838
0.189572
0.138177
0.164272
0.192055
0.162441
0.140151
0.162713
0.163207
0.164821
0.163480
0.194074
0.160240
0.164027
0.138215
0.190431
0.138756
0.163776
0.173748
0.159697
0.184226
0.139045
0.359134
0.013872
0.143742
0.139698
0.490362
0.015958
0.189625
0.013648
0.145024
0.148298
0.171264
0.159051
0.143596
0.186718
0.140066
0.164718
0.184897
0.168410
0.172819
0.161204
0.133976
0.171707
0.181972
0.159766
0.168159
0.161111
0.140248
0.190631
0.164885
0.163280
0.165845
0.135733
0.188770
0.167917
0.161851
0.139349
0.166927
0.159813
0.165640
0.162631
0.186786
0.341364
0.013809
0.144427
0.265045
0.071335
0.125882
0.190141
0.144699
0.182033
0.166334
0.139021
0.189203
0.137561
0.187683
0.162140
0.141959
0.189970
0.165122
0.281963
0.049437
0.134129
0.163418
0.164831
0.190621
0.138911
0.362118
0.014214
0.116162
0.169779
0.177616
0.167749
0.166628
0.323321
0.014113
0.128316
0.187505
0.140246
0.164680
0.163530
0.194917
0.132853
0.164292
0.163852
0.190512
0.164571
0.160937
0.149061
0.156435
0.185601
0.161667
0.168353
0.161691
0.142170
0.194796
0.159298
0.160355
0.141326
0.189020
0.171746
0.246327
0.271425
0.014414
0.233934
0.052855
0.159897
0.137484
0.164532
0.163774
0.168209
0.160359
0.186297
0.141299
0.190404
0.138095
0.164467
0.197315
0.156929
0.160842
0.140992
0.186774
0.167527
0.159549
0.167672
0.138292
0.164526
0.190316
0.138690
0.189385
0.166155
0.160059
0.165822
0.163888
0.165175
0.163430
0.165026
0.137339
0.168004
0.184614
0.165408
0.138499
0.163615
0.189614
0.164569
0.164479
0.161035
0.140666
0.189280
0.138240
0.192613
0.137245
0.162958
0.163820
0.164174
0.190157
0.161048
0.141901
0.194428
0.133857
0.196882
0.157009
0.172627
0.154665
0.138833
0.163134
0.190859
0.163213
0.166747
0.135891
0.163049
0.164082
0.308838
0.051900
0.132486
0.187897
0.141943
0.187552
0.160761
0.141585
0.191154
0.138587
0.162400
0.293552
0.068070
0.130856
0.164229
0.190254
0.138342
0.189662
0.137704
0.164106
0.190486
0.169966
0.161057
0.158493
0.141420
0.162846
0.186379
0.168855
0.163839
0.137759
0.189819
0.138498
0.189818
0.164562
0.164687
0.160629
0.161714
0.143040
0.190574
0.163658
0.163668
0.138837
0.162973
0.164203
0.190264
0.165852
0.163018
0.165288
0.145591
0.180811
0.342595
0.014302
0.132902
0.165788
0.338375
0.013659
0.114911
0.189789
0.139577
0.187704
0.140154
0.162668
0.164458
0.190824
0.138458
0.188453
0.164613
0.136918
0.164630
0.164947
0.197263
0.156730
0.165080
0.407939
0.018938
0.388841
0.028346
0.017279
0.115991
0.166222
0.168027
0.167613
0.145674
0.152454
0.306274
0.057079
0.155314
0.165103
0.166028
0.160835
0.137341
0.193126
0.160856
0.138316
0.164326
0.190727
0.162672
0.161135
0.141125
0.187801
0.140695
0.190326
0.164407
0.158947
0.142801
0.184691
0.168796
0.138642
0.189872
0.138885
0.163669
0.163981
0.200233
0.153937
0.290159
0.103215
0.079910
0.157062
0.164338
0.163785
0.189300
0.162333
0.145799
0.159302
0.186106
0.141026
0.190277
0.139356
0.194032
0.134196
0.188017
0.165374
0.138153
0.163009
0.190751
0.163605
0.166969
0.135787
0.187824
0.153553
0.176179
0.162979
0.139516
0.176782
0.177805
0.163349
0.160656
0.141220
0.304141
0.053590
0.265331
0.076091
0.147872
0.163474
0.139584
0.187389
0.140111
0.185135
0.141961
0.184949
0.271849
0.072792
0.153071
0.139134
0.192547
0.133893
0.190705
0.163359
0.279056
0.061915
0.125348
0.186065
0.167888
0.161451
0.150491
0.178832
0.161386
0.141925
0.188008
0.160787
0.170007
0.139209
0.308284
0.047046
0.137584
0.161712
0.185348
0.171419
0.135954
0.163451
0.190231
0.139002
0.189643
0.165485
0.161049
0.138776
0.164664
0.163670
0.190795
0.163671
0.137721
0.163945
0.192996
0.136356
0.318430
0.153069
0.048380
0.159894
0.175584
0.153794
0.138195
0.164401
0.189264
0.139801
0.189069
0.162999
0.138229
0.164349
0.185324
0.168732
0.137763
0.164366
0.190761
0.138668
0.163124
0.186458
0.168111
0.164422
0.137182
0.188799
0.161593
0.168282
0.160716
0.164907
0.306809
0.235670
0.015745
0.084599
0.156475
0.189724
0.156764
0.168652
0.164606
0.137648
0.163466
0.167256
0.187687
0.163416
0.138359
0.193620
0.135450
0.189778
0.138442
0.189195
0.163992
0.138529
0.162854
0.191155
0.163074
0.268706
0.069486
0.154664
0.282892
0.047339
0.161889
0.138160
0.177840
0.176463
0.137471
0.164034
0.184418
0.143131
0.186282
0.141920
0.187776
0.140980
0.189144
0.164579
0.163896
0.161282
0.160964
0.143301
0.305879
0.054625
0.133437
0.164104
0.170083
0.156511
0.163558
0.193162
0.135661
0.185124
0.142563
0.190475
0.164296
0.162941
0.179079
0.124990
0.188647
0.138936
0.163655
0.163374
0.190549
0.164605
0.163591
0.165573
0.136983
0.162894
0.197795
0.154687
0.166200
0.337061
0.013701
0.139809
0.162292
0.282071
0.159904
0.150137
0.184995
0.283045
0.018822
0.584924
0.014130
0.013979
0.016446
0.080752
0.155990
0.177343
0.151096
0.527095
0.016097
0.110565
0.029479
0.160660
0.140557
0.189718
0.138238
0.189832
0.162317
0.165585
0.164392
0.160282
0.141467
0.190267
0.138874
0.162363
0.192111
0.136571
0.163451
0.192672
0.162138
0.138504
0.190075
0.163536
0.139087
0.162605
0.190256
0.164662
0.164163
0.138041
0.187726
0.166457
0.157426
0.144038
0.184792
0.169056
0.139513
0.163825
0.163626
0.211793
0.116097
0.192364
0.161439
0.164528
0.137766
0.164176
0.163471
0.189980
0.161949
0.161843
0.168212
0.139277
0.162870
0.190652
0.137988
0.189819
0.139026
0.164163
0.186959
0.165694
0.164395
0.137240
0.164167
0.189983
0.137873
0.318861
0.063806
0.136248
0.163455
0.137500
0.163693
0.165366
0.305078
0.165364
0.054289
0.154784
0.141193
0.163177
0.186462
0.141218
0.190403
0.138761
0.185614
0.164011
0.168341
0.336170
0.013075
0.116188
0.342766
0.013911
0.161727
0.138266
0.165033
0.188226
0.164735
0.162724
0.138956
0.164493
0.167560
0.160510
0.163470
0.164325
0.190386
0.197908
0.131891
0.135683
0.164123
0.194904
0.134556
0.162408
0.190624
0.138808
0.188947
0.139273
0.185038
0.142101
0.189766
0.161860
0.165784
0.164605
0.160298
0.141208
0.192045
0.161801
0.138690
0.164871
0.352014
0.014041
0.125792
0.188935
0.163806
0.137591
0.164335
0.165482
0.163254
0.190486
0.164237
0.163096
0.139198
0.361206
0.013981
0.116888
0.162862
0.184726
0.144029
0.192512
0.160815
0.138054
0.196191
0.158646
0.165024
0.136300
0.190130
0.141879
0.186724
0.159315
0.169135
0.160670
0.140028
0.189502
0.165831
0.294100
0.055481
0.116010
0.163928
0.189770
0.294454
0.050328
0.121095
0.165383
0.162958
0.164002
0.164316
0.165437
0.189544
0.137843
0.198899
0.159527
0.158984
0.161510
0.165781
0.163304
0.139424
0.163221
0.190582
0.138849
0.189198
0.160518
0.163883
0.140896
0.185568
0.169100
0.164508
0.163253
0.165674
0.136745
0.163550
0.190122
0.164523
0.160096
0.141219
0.190339
0.138088
0.198362
0.157632
0.135771
0.318404
0.278076
0.018619
0.601051
0.013791
0.037138
0.109110
0.013817
0.113357
0.137577
0.163409
0.316126
0.080773
0.118596
0.140938
0.189192
0.164928
0.168885
0.158858
0.137171
0.164709
0.310289
0.074594
0.133723
0.137698
0.190203
0.164740
0.163071
0.283069
0.050914
0.160057
0.137754
0.185031
0.140939
0.164757
0.163736
0.390079
0.038053
0.102107
0.129916
0.161212
0.164057
0.162423
0.190807
0.162135
0.140680
0.164057
0.188958
0.164659
0.163120
0.167424
0.135360
0.358322
0.013743
0.145969
0.161206
0.141015
0.192090
0.134622
0.164954
0.186936
0.141599
0.163019
0.190315
0.164810
0.264071
0.075003
0.151484
0.138437
0.164983
0.186334
0.140513
0.307259
0.054516
0.131374
0.186407
0.166395
0.139025
0.185769
0.142506
0.163478
0.426903
0.018217
0.411765
0.016098
0.026909
0.084682
0.190618
0.138599
0.355486
0.013682
0.127803
0.157133
0.190629
0.163198
0.161333
0.166656
0.166900
0.172291
0.125767
0.192482
0.136098
0.177414
0.176544
0.138986
0.190616
0.137651
0.189268
0.139189
0.308696
0.047221
0.135522
0.185772
0.170118
0.135536
0.190838
0.138221
0.314913
0.110237
0.099171
0.277279
0.043133
0.165196
0.138899
0.187844
0.161784
0.141467
0.304969
0.173052
0.053954
0.123459
0.184617
0.144238
0.169302
0.183899
0.163371
0.147118
0.182810
0.138065
0.163266
0.309701
0.243396
0.100530
0.045097
0.147283
0.138130
0.189956
0.163506
0.139487
0.188594
0.278146
0.056794
0.161606
0.134447
0.188744
0.137516
0.164767
0.184623
0.151152
0.181681
0.160862
0.141738
0.190040
0.139266
0.163969
0.162647
0.164048
0.192571
0.136495
0.163231
0.190628
0.163588
0.164145
0.163644
0.280737
0.051783
0.134802
0.195642
0.364520
0.013301
0.102795
0.141755
0.190592
0.139198
0.188562
0.160746
0.141601
0.187466
0.141905
0.385613
0.102352
0.034028
0.157734
0.139797
0.184026
0.288804
0.047169
0.162761
0.136828
0.164598
0.186948
0.140082
0.351639
0.014068
0.267590
0.060658
0.281822
0.279622
0.019074
0.566412
0.014187
0.013826
0.013790
0.343094
0.018547
0.592307
0.014774
0.019852
0.023652
0.308710
0.019898
0.226087
0.153978
0.218410
0.013718
0.124746
0.140352
0.190091
0.138107
0.189775
0.137372
0.189065
0.138854
0.189439
0.170183
0.133792
0.162838
0.189491
0.139180
0.189943
0.138149
0.163014
0.164025
0.164269
0.163407
0.190759
0.158174
0.265828
0.075505
0.156645
0.171074
0.156460
0.139602
0.162487
0.164091
0.185659
0.168508
0.321770
0.014302
0.156037
0.139229
0.163976
0.185324
0.141278
0.164029
0.190108
0.167571
0.156969
0.141575
0.188337
0.141099
0.187666
0.165256
0.163342
0.137285
0.164459
0.194209
0.134722
0.189623
0.163568
0.139430
0.162485
0.189904
0.163696
0.137800
0.166086
0.189735
0.137660
0.163465
0.189911
0.139578
0.162525
0.189156
0.140039
0.188981
0.159365
0.142900
0.189455
0.165383
0.160530
0.166180
0.163401
0.161267
0.141271
0.188074
0.369148
0.013432
0.107499
0.168674
0.163350
0.139299
0.190177
0.163275
0.163471
0.137455
0.190449
0.165063
0.136650
0.190587
0.333246
0.014009
0.118510
0.188168
0.139585
0.164352
0.163934
0.164716
0.162867
0.186293
0.168195
0.138590
0.188998
0.138403
0.163356
0.190260
0.138282
0.183128
0.287777
0.054057
0.157112
0.138843
0.189459
0.330037
0.014038
0.148242
0.138203
0.162748
0.190256
0.164506
0.160747
0.141567
0.324184
0.039888
0.151601
0.140003
0.184363
0.143125
0.186075
0.142461
0.314598
0.169257
0.222188
0.014376
0.122309
0.140678
0.185208
0.305380
0.035933
0.159806
0.159482
0.139194
0.185504
0.173326
0.157715
0.161986
0.160652
0.142854
0.166472
0.304925
0.055461
0.130579
0.189771
0.137636
0.191411
0.151839
0.149708
0.162677
0.180500
0.147932
0.189387
0.139482
0.360582
0.014018
0.264646
0.094381
0.086284
0.194868
0.132702
0.190447
0.162797
0.139285
0.162622
0.187153
0.169419
0.135002
0.190734
0.138877
0.163215
0.164108
0.163420
0.190824
0.138148
0.163547
0.163231
0.188117
0.140228
0.191314
0.162897
0.165062
0.162366
0.139551
0.185713
0.140932
0.189767
0.162189
0.141919
0.162265
0.189556
0.165425
0.162344
0.139088
0.162923
0.186098
0.168766
0.161537
0.165990
0.164404
0.159946
0.141954
0.163627
0.185466
0.169063
0.164785
0.162415
0.138442
0.164070
0.165297
0.188519
0.164833
0.163788
0.138649
0.162817
0.164088
0.190129
0.163697
0.139211
0.188293
0.282420
0.053681
0.158637
0.136378
0.163226
0.187110
0.141072
0.173646
0.159914
0.159928
0.189544
0.137357
0.163947
0.164775
0.163999
0.314765
0.057014
0.142543
0.140202
0.186540
0.171188
0.161605
0.162834
0.139548
0.189293
0.171862
0.155513
0.137925
0.164521
